;+
;> TEMPLATE = 'Baba+18, ApJ, 852, 83B - L11'
;
;-

;~            WAVE          OPACITY
     4.0000000e+00    0.0000000e+00
     4.2386145e+00    0.0000000e+00
     4.2470917e+00    0.0000000e+00
     4.2555859e+00    0.0000000e+00
     4.2640971e+00    0.0000000e+00
     4.2726252e+00    0.0000000e+00
     4.2811705e+00    0.0000000e+00
     4.2897328e+00    0.0000000e+00
     4.2983123e+00    0.0000000e+00
     4.3069089e+00    0.0000000e+00
     4.3155227e+00    0.0000000e+00
     4.3241538e+00    0.0000000e+00
     4.3328021e+00    3.3824595e-07
     4.3414677e+00    1.5221073e-06
     4.3501506e+00    5.4119433e-06
     4.3588509e+00    1.8772753e-05
     4.3675686e+00    5.9532329e-05
     4.3763038e+00    1.7674273e-04
     4.3850564e+00    4.8985102e-04
     4.3938265e+00    1.2694058e-03
     4.4026141e+00    3.0793174e-03
     4.4114194e+00    6.9948261e-03
     4.4202422e+00    1.4870888e-02
     4.4290827e+00    2.9566460e-02
     4.4379409e+00    5.4932203e-02
     4.4468167e+00    9.5330051e-02
     4.4557104e+00    1.5454999e-01
     4.4646218e+00    2.3427114e-01
     4.4735510e+00    3.3259491e-01
     4.4824981e+00    4.4345652e-01
     4.4914631e+00    5.5761801e-01
     4.5004461e+00    6.6521265e-01
     4.5094470e+00    7.5869474e-01
     4.5184659e+00    8.3452941e-01
     4.5275028e+00    8.9285210e-01
     4.5365578e+00    9.3584589e-01
     4.5456309e+00    9.6614446e-01
     4.5547222e+00    9.8596136e-01
     4.5638316e+00    9.9688384e-01
     4.5729593e+00    1.0000000e+00
     4.5821052e+00    9.9606927e-01
     4.5912694e+00    9.8553545e-01
     4.6004519e+00    9.6821452e-01
     4.6096528e+00    9.4258636e-01
     4.6188721e+00    9.0510756e-01
     4.6281099e+00    8.5107194e-01
     4.6373661e+00    7.7908084e-01
     4.6466408e+00    6.9775866e-01
     4.6559341e+00    6.2723061e-01
     4.6652460e+00    5.8968856e-01
     4.6745765e+00    5.9510583e-01
     4.6839256e+00    6.3427650e-01
     4.6932935e+00    6.8515823e-01
     4.7026801e+00    7.2733998e-01
     4.7120854e+00    7.5211790e-01
     4.7215096e+00    7.6122851e-01
     4.7309526e+00    7.5990165e-01
     4.7404145e+00    7.5226671e-01
     4.7498954e+00    7.4053471e-01
     4.7593952e+00    7.2570977e-01
     4.7689139e+00    7.0825905e-01
     4.7784518e+00    6.8845085e-01
     4.7880087e+00    6.6649407e-01
     4.7975847e+00    6.4260346e-01
     4.8071799e+00    6.1701926e-01
     4.8167942e+00    5.8997428e-01
     4.8264278e+00    5.6161509e-01
     4.8360807e+00    5.3192195e-01
     4.8457528e+00    5.0067246e-01
     4.8554443e+00    4.6748142e-01
     4.8651552e+00    4.3191862e-01
     4.8748855e+00    3.9369630e-01
     4.8846353e+00    3.5287583e-01
     4.8944046e+00    3.1002445e-01
     4.9041934e+00    2.6624634e-01
     4.9140018e+00    2.2304816e-01
     4.9238298e+00    1.8207126e-01
     4.9336774e+00    1.4478094e-01
     4.9435448e+00    1.1221936e-01
     4.9534319e+00    8.4890118e-02
     4.9633388e+00    6.2780375e-02
     4.9732654e+00    4.5480494e-02
     4.9832120e+00    3.2340667e-02
     4.9931784e+00    2.2618564e-02
     5.0031647e+00    1.5587459e-02
     5.0131711e+00    1.0602164e-02
     5.0231974e+00    7.1272940e-03
     5.0332438e+00    4.7412369e-03
     5.0433103e+00    3.1238784e-03
     5.0533969e+00    2.0401764e-03
     5.0635037e+00    1.3215356e-03
     5.0736307e+00    8.4937963e-04
     5.0837780e+00    5.4195678e-04
     5.0939455e+00    3.4352361e-04
     5.1041334e+00    2.1615295e-04
     5.1143417e+00    1.3513464e-04
     5.1245704e+00    8.4056199e-05
     5.1348195e+00    5.1921545e-05
     5.1450891e+00    3.1795415e-05
     5.1553793e+00    1.9449252e-05
     5.1656901e+00    1.1838648e-05
     5.1760215e+00    7.1031791e-06
     5.1863735e+00    4.2280792e-06
     5.1967463e+00    2.5368463e-06
     5.2071397e+00    1.5221073e-06
     5.2175540e+00    8.4561500e-07
     5.2279891e+00    5.0736895e-07
     5.2384451e+00    3.3824595e-07
     5.2489220e+00    1.6912297e-07
     5.2594198e+00    1.6912297e-07
     5.2699387e+00    0.0000000e+00
     5.2804786e+00    0.0000000e+00
     5.2910395e+00    0.0000000e+00
     5.3016216e+00    0.0000000e+00
     5.3122248e+00    0.0000000e+00
     5.3228493e+00    0.0000000e+00
     5.3334950e+00    0.0000000e+00
     5.3441620e+00    0.0000000e+00
     5.3548503e+00    0.0000000e+00
     5.3655600e+00    0.0000000e+00
     5.3762911e+00    0.0000000e+00
     5.3870437e+00    0.0000000e+00
     5.3978178e+00    0.0000000e+00
     5.4086134e+00    0.0000000e+00
     5.4194307e+00    0.0000000e+00
     5.4302695e+00    0.0000000e+00
     5.4411301e+00    0.0000000e+00
     5.4520123e+00    0.0000000e+00
     5.4629164e+00    0.0000000e+00
     5.4738422e+00    0.0000000e+00
     5.4847899e+00    0.0000000e+00
     5.4957594e+00    0.0000000e+00
     5.5067510e+00    0.0000000e+00
