4.0 0.0
4.2386145 0.0
4.2470917 0.0
4.247799548616667 0.0
4.248507515208104 0.0
4.249215599793971 0.0
4.249923802393937 0.0
4.250632123027669 0.0
4.251340561714841 0.0
4.252049118475127 0.0
4.252757793328207 0.0
4.2534665862937615 0.0
4.254175497391477 0.0
4.254884526641042 0.0
4.255593674062149 0.0
4.256302939674493 0.0
4.257012323497772 0.0
4.257721825551688 0.0
4.258431445855947 0.0
4.259141184430256 0.0
4.259851041294327 0.0
4.260561016467876 0.0
4.261271109970621 0.0
4.261981321822283 0.0
4.262691652042586 0.0
4.26340210065126 0.0
4.264112667668035 0.0
4.2648233531126465 0.0
4.265534157004832 0.0
4.2662450793643325 0.0
4.266956120210893 0.0
4.267667279564262 0.0
4.268378557444189 0.0
4.26908995387043 0.0
4.269801468862742 0.0
4.270513102440885 0.0
4.271224854624625 0.0
4.271936725433729 0.0
4.272648714887969 0.0
4.273360823007117 0.0
4.274073049810951 0.0
4.274785395319253 0.0
4.275497859551806 0.0
4.276210442528399 0.0
4.27692314426882 0.0
4.277635964792865 0.0
4.278348904120331 0.0
4.279061962271018 0.0
4.279775139264729 0.0
4.280488435121273 0.0
4.2812018498604605 0.0
4.2819153835021035 0.0
4.28262903606602 0.0
4.283342807572032 0.0
4.284056698039961 0.0
4.284770707489634 0.0
4.285484835940882 0.0
4.286199083413539 0.0
4.286913449927441 0.0
4.287627935502429 0.0
4.288342540158346 0.0
4.289057263915039 0.0
4.289772106792358 0.0
4.290487068810157 0.0
4.291202149988292 0.0
4.2919173503466235 0.0
4.292632669905014 0.0
4.293348108683332 0.0
4.294063666701446 0.0
4.294779343979229 0.0
4.295495140536559 0.0
4.296211056393315 0.0
4.296927091569381 0.0
4.297643246084642 0.0
4.29835951995899 0.0
4.299075913212317 0.0
4.299792425864519 0.0
4.300509057935496 0.0
4.301225809445152 0.0
4.301942680413394 0.0
4.3026596708601295 0.0
4.303376780805273 0.0
4.304094010268741 0.0
4.304811359270452 0.0
4.305528827830331 0.0
4.306246415968303 0.0
4.306964123704298 0.0
4.307681951058249 0.0
4.308399898050092 0.0
4.309117964699767 0.0
4.309836151027217 0.0
4.310554457052389 0.0
4.3112728827952305 0.0
4.311991428275697 0.0
4.312710093513743 0.0
4.313428878529328 0.0
4.314147783342417 0.0
4.314866807972974 0.0
4.31558595244097 0.0
4.316305216766377 0.0
4.317024600969171 0.0
4.317744105069333 0.0
4.318463729086845 0.0
4.319183473041693 0.0
4.319903336953867 0.0
4.320623320843359 0.0
4.321343424730166 0.0
4.322063648634288 0.0
4.322783992575727 0.0
4.323504456574489 0.0
4.324225040650584 2.7863119382333246e-09
4.324945744824026 3.0973963594018166e-08
4.32566656911483 5.916631319174715e-08
4.326387513543016 8.736336151440986e-08
4.327108578128606 1.1556510934513484e-07
4.327829762891628 1.4377155746715485e-07
4.32855106785211 1.7198270666387632e-07
4.329272493030085 2.0019855771877518e-07
4.32999403844559 2.2841911141553576e-07
4.330715704118664 2.566443685379119e-07
4.331437490069351 2.8487432986979634e-07
4.332159396317696 3.131089961952556e-07
4.332881422883749 3.4908274101741086e-07
4.333603569787563 4.4773970746494317e-07
4.334325837049194 5.464131167401817e-07
4.335048224688703 6.451029715837017e-07
4.335770732726151 7.438092747363215e-07
4.336493361181605 8.425320289394655e-07
4.337216110075135 9.412712369349224e-07
4.337938979426815 1.0400269014650879e-06
4.338661969256719 1.1387990252727213e-06
4.339385079584929 1.237587611100946e-06
4.340108310431527 1.3363926616934925e-06
4.3408316618165985 1.4352141797944543e-06
4.3415551337602345 1.5612765853972503e-06
4.342278726282528 1.8854374351763643e-06
4.343002439403575 2.2096523117639446e-06
4.343726273143476 2.5339212241643184e-06
4.344450227522334 2.8582441813834036e-06
4.345174302560254 3.1826211924287118e-06
4.345898498277347 3.5070522663089452e-06
4.346622814693727 3.831537412034798e-06
4.347347251829509 4.156076638618556e-06
4.348071809704814 4.4806699550732985e-06
4.348796488339765 4.805317370414097e-06
4.349521287754489 5.1300188936576125e-06
4.350246207969114 5.558765809699345e-06
4.350971249003775 6.672191242017518e-06
4.351696410878609 7.785802245241217e-06
4.352421693613755 8.899598850299398e-06
4.353147097229358 1.0013581088125101e-05
4.3538726217455626 1.1127748989656829e-05
4.35459826718252 1.2242102585838539e-05
4.355324033560383 1.335664190761964e-05
4.35604992089931 1.4471366985955003e-05
4.35677592921946 1.5586277851803586e-05
4.357502058540997 1.6701374536129803e-05
4.358228308884088 1.7816657069903533e-05
4.358954680268901 1.9257977285944707e-05
4.359681172715613 2.2654690191315457e-05
4.360407786244399 2.6051969215506482e-05
4.3611345208754395 2.9449814452866567e-05
4.3618613766289185 3.284822599776525e-05
4.362588353525023 3.624720394458868e-05
4.363315451583944 3.9646748387735483e-05
4.364042670825874 4.304685942162502e-05
4.364770011271012 4.644753714068497e-05
4.365497472939557 4.9848781639367924e-05
4.3662250558517135 5.3250593012130646e-05
4.366952760027689 5.665297135345894e-05
4.367680585487694 6.1034969342379516e-05
4.368408532251942 7.08026829773443e-05
4.36913660034065 8.057202456458148e-05
4.369864789774041 9.034299437542197e-05
4.370593100572337 0.0001001155926812325
4.371321532755766 0.00010988981975342743
4.372050086344558 0.00011966567586345686
4.372778761358949 0.00012944316128284244
4.373507557819175 0.0001392222762831296
4.374236475745478 0.00014900302113592345
4.374965515158102 0.0001587853961128528
4.375694676077296 0.0001685694014856181
4.376423958523309 0.0001810411818614148
4.377153362516396 0.00020713427842641646
4.377882888076816 0.00023323172384084634
4.378612535224829 0.00025933351882950924
4.3793423039807005 0.00028543966411733704
4.380072194364697 0.00031155016042935693
4.3808022063970915 0.00033766500849078686
4.381532340098158 0.00036378420902687635
4.382262595488174 0.0003899077627630657
4.382992972587422 0.00041603567042485873
4.383723471416187 0.00044216793273794985
4.3844540919947566 0.0004683045504280972
4.3851848343434225 0.0005012672645503831
4.38591569848248 0.0005662321604047651
4.386646684432227 0.000631207883741841
4.387377792212966 0.0006961944363661303
4.388109021845001 0.0007611918200824681
4.388840373348642 0.0008262000366960841
4.3895718467442 0.0008912190880125241
4.390303442051991 0.0009562489758374917
4.391035159292333 0.001021289701977085
4.391766998485548 0.0010863412682377183
4.392498959651962 0.0011514036764260424
4.393231042811904 0.0012164769283491029
4.393963247985706 0.0012975706875239478
4.394695575193704 0.001448402258004033
4.395428024456236 0.0015992589670791597
4.396160595793646 0.0017501408189391793
4.396893289226278 0.0019010478177744925
4.397626104774482 0.002051979967776231
4.398359042458611 0.0022029372731362587
4.39909210229902 0.0023539197380471714
4.39982528431607 0.002504927366702296
4.400558588530123 0.002655960163295508
4.401292014961545 0.002807018132021599
4.402025563630705 0.0029581012770757255
4.402759234557976 0.0031438553060822816
4.403493027763736 0.003470155793419965
4.404226943268363 0.0037965106641719404
4.404960981092241 0.0041229199274023555
4.405695141255757 0.004449383592176937
4.4064294237793 0.0047759016675622025
4.407163828683263 0.005102474162626642
4.407898355988044 0.0054291010864403275
4.408633005714042 0.005755782448074516
4.409367777881661 0.006082518256602437
4.410102672511308 0.006409308521098507
4.410837689623393 0.006736153250638326
4.41157282923833 0.007131791482685675
4.412308091376536 0.007788155688293482
4.413043476058432 0.008444629287935702
4.413778983304441 0.009101212299844418
4.414514613134992 0.009757904742255677
4.415250365570515 0.010414706633407116
4.415986240631443 0.011071617991540331
4.416722238338215 0.011728638834900097
4.417458358711271 0.012385769181733557
4.418194601771057 0.013043009050291826
4.418930967538018 0.013700358458827604
4.419667456032608 0.014357817425598345
4.42040406727528 0.0151399601337397
4.421140801286493 0.01636463381810393
4.421877658086707 0.017589511614749226
4.422614637696388 0.01881459355769379
4.423351740136004 0.020039879680961718
4.424088965426027 0.02126537001858448
4.424826313586932 0.022491064604596513
4.425563784639197 0.02371696347303963
4.426301378603303 0.024943066657960068
4.427039095499737 0.02616937419341146
4.427776935348986 0.027395886113451853
4.428514898171545 0.028622602452146685
4.429252983987907 0.03005407372223001
4.429991192818572 0.032167958651332616
4.4307295246840415 0.03428219589458851
4.431467979604822 0.03639678551071805
4.432206557601423 0.03851172755845175
4.432945258694356 0.04062702209652524
4.433684082904138 0.042742669183689366
4.434423030251289 0.04485866887870264
4.435162100756331 0.04697502124033119
4.435901294439791 0.04909172632735387
4.436640611322198 0.051208784198557136
4.437380051424085 0.05332619491273766
4.438119614765989 0.055745616095356366
4.43885930136845 0.059112270023325725
4.4395991112520115 0.06247948506028118
4.44033904443722 0.06584726129974214
4.441079100944626 0.06921559883524414
4.441819280794784 0.0725844977603349
4.442559584008249 0.07595395816857826
4.443300010605584 0.07932398015355831
4.444040560607351 0.0826945638088672
4.444781234034119 0.0860657092281213
4.445522030906458 0.08943741650494517
4.446262951244942 0.09280968573297944
4.447003995070149 0.09657718128652114
4.447745162402661 0.10151234710279013
4.448486453263062 0.10644833544669255
4.449227867671939 0.11138514645532226
4.449969405649885 0.11632278026578487
4.450711067217493 0.1212612370152156
4.451452852395363 0.12620051684077335
4.452194761204096 0.13114061987963468
4.452936793664296 0.1360815462689999
4.453678949796574 0.14102329614609885
4.4544212296215395 0.14596586964817315
4.45516363315981 0.1509092669125
4.455906160432003 0.15630125767553935
4.456648811458742 0.1629449942265094
4.457391586260652 0.16958983806689956
4.458134484858362 0.17623578938126275
4.458877507272505 0.1828828483541837
4.459620653523717 0.189531015170263
4.460363923632638 0.19618029001414894
4.46110731761991 0.2028306730705057
4.46185083550618 0.20948216452403717
4.462594477312098 0.21613476455947903
4.463338243058316 0.2227884733615908
4.464082132765492 0.22944329111517175
4.464826146454286 0.23652129833127267
4.465570284145362 0.24471536086606194
4.466314545859386 0.2529107890779386
4.467058931617029 0.2611075831945165
4.4678034414389645 0.2693057434434485
4.468548075345871 0.2775052700524266
4.469292833358429 0.28570616324917214
4.470037715497321 0.2939084232614457
4.470782721783237 0.30211205031705657
4.471527852236868 0.3103170446438435
4.472273106878907 0.31852340646968447
4.473018485730053 0.32673113602249626
4.473763988811008 0.33523400898183636
4.474509616142477 0.34447291839680083
4.475255367745167 0.35371336762999916
4.476001243639792 0.3629553569380734
4.476747243847066 0.3721988865776985
4.477493368387707 0.3814439568055934
4.478239617282438 0.39069056787852113
4.478985990551985 0.3999387200532998
4.479732488217077 0.40918841358676933
4.480479110298447 0.41843964873583595
4.48122585681683 0.4276924257574276
4.481972727792966 0.4369467449085165
4.482719723247598 0.4462786996056277
4.483466843201473 0.45579262343642407
4.48421408767534 0.46530813292118384
4.484961456689952 0.47482522832419194
4.4857089502660665 0.48434390990976733
4.486456568424444 0.4938641779422742
4.487204311185848 0.5033860326861219
4.487952178571046 0.5129094744057653
4.488700170600808 0.5224345033656926
4.489448287295908 0.5319611198304492
4.490196528677124 0.5414893240646143
4.490944894765237 0.5510191163328118
4.491693385581031 0.560376274965849
4.492442001145294 0.569342881014531
4.493190741478818 0.5783109814975542
4.493939606602398 0.5872805766639918
4.4946885965368315 0.5962516667629592
4.495437711302921 0.6052242520436142
4.496186950921472 0.6141983327551469
4.496936315413293 0.6231739091468005
4.497685804799195 0.63215098146785
4.4984354190999944 0.641129549967613
4.499185158336511 0.6501096148954603
4.4999350225295665 0.6590911765007945
4.500685011699988 0.6676939535408021
4.501435125868605 0.675484534507251
4.50218536505625 0.6832764139038602
4.5029357292837595 0.6910695919470362
4.503686218571973 0.6988640688532135
4.504436832941735 0.7066598448388819
4.505187572413893 0.7144569201205494
4.505938437009295 0.7222552949147611
4.506689426748797 0.7300549694381082
4.5074405416532555 0.7378559439072097
4.508191781743531 0.7456582185387212
4.508943147040489 0.7534617935493353
4.509694637564995 0.760776979854198
4.510446253337923 0.7670968785233022
4.511197994380146 0.7734178305088504
4.5119498607125434 0.7797398359863968
4.512701852355995 0.7860628951315184
4.513453969331388 0.7923870081198292
4.51420621165961 0.7987121751269732
4.5149585793615525 0.805038396328617
4.515711072458113 0.8113656719004639
4.516463690970189 0.8176940020182404
4.5172164349186845 0.8240233868577024
4.517969304324504 0.8303538265946357
4.518722299208558 0.8361841689944534
4.5194754195917595 0.8410446860569583
4.520228665495025 0.845906013205639
4.520982036939274 0.8507681505755109
4.521735533945431 0.8556310983016121
4.522489156534421 0.8604948565189982
4.5232429047271765 0.8653594253627531
4.523996778544631 0.8702248049679838
4.524750778007721 0.8750909954698147
4.5255049031373895 0.8799579970033985
4.526259153954579 0.8848258097039052
4.527013530480239 0.8896944337065279
4.5277680327353185 0.8941114440666394
4.528522660740775 0.897694472006419
4.529277414517565 0.9012780971175197
4.530032294086651 0.9048623194994744
4.530787299468999 0.9084471392518242
4.531542430685577 0.9120325564741317
4.5322976877573575 0.9156185712659759
4.533053070705317 0.919205183726953
4.533808579550435 0.9227923939566759
4.5345642143136935 0.9263802020547701
4.535319975016079 0.9299686081208782
4.536075861678581 0.9335576122546637
4.5368318743221945 0.9367611295582787
4.537588012967915 0.9392861672727393
4.538344277636743 0.9418116258268187
4.539100668349683 0.9443375052906559
4.539857185127741 0.946863805734405
4.540613827991929 0.9493905272282263
4.541370596963261 0.9519176698422973
4.542127492062755 0.9544452336468048
4.5428845133114315 0.9569732187119444
4.543641660730317 0.9595016251079296
4.544398934340438 0.9620304529049795
4.5451563341628285 0.9645597021733314
4.545913860218523 0.966761246857154
4.546671512528559 0.9684127510493773
4.54742929111398 0.9700645304922989
4.548187195995832 0.9717165852317947
4.548945227195165 0.9733689153137465
4.54970338473303 0.9750215207840456
4.5504616686304855 0.9766744016885894
4.551220078908591 0.9783275580732849
4.551978615588409 0.9799809899840445
4.552737278691007 0.9816346974667889
4.553496068237456 0.9832886805674482
4.5542549842488285 0.9849429393319565
4.555014026746203 0.9863112701805691
4.555773195750661 0.987221539602025
4.556532491283287 0.9881319607350513
4.557291913365168 0.9890425336049332
4.558051462017395 0.9899532582369592
4.558811137261064 0.9908641346564241
4.5595709391172745 0.9917751628886259
4.560330867607127 0.9926863429588658
4.5610909227517284 0.9935976748924515
4.561851104572187 0.9945091587146927
4.562611413089616 0.9954207944509045
4.563371848325131 0.9963325821264051
4.564132410299852 0.9969865354242563
4.564893099034902 0.9972462314932128
4.565653914551407 0.9975059708448473
4.566414856870499 0.9977657534863736
4.567175926013311 0.9980255794250072
4.56793712200098 0.9982854486679636
4.568698444854647 0.9985453612224608
4.569459894595456 0.9988053170957168
4.570221471244555 0.9990653162949518
4.570983174823096 0.9993253588273867
4.571745005352232 0.9995854447002435
4.572506962853124 0.9998455739207458
4.573269047346933 0.9998668766125792
4.574031258854824 0.9995392929258549
4.574793597397967 0.9992116546418491
4.575556062997533 0.9988839617514631
4.576318655674699 0.9985562142455953
4.5770813754506445 0.9982284121151431
4.5778442223465525 0.9979005553510026
4.578607196383611 0.9975726439440679
4.579370297583008 0.997244677885232
4.580133525965938 0.9969166571653864
4.580896881553599 0.9965885817754209
4.581660364367191 0.9962604517062237
4.582423974427919 0.9957028536795025
4.583187711756991 0.9948249732805892
4.583951576375617 0.9939469465682759
4.584715568305013 0.9930687735181781
4.585479687566397 0.992190454105905
4.586243934180992 0.9913119883070628
4.587008308170022 0.9904333760972543
4.587772809554717 0.9895546174520778
4.588537438356309 0.9886757123471271
4.589302194596035 0.987796660757992
4.590067078295134 0.9869174626602591
4.59083208947485 0.9860381180295092
4.59159722815643 0.9849170684536287
4.592362494361122 0.9834735484576753
4.593127888110183 0.9820297878750549
4.593893409424868 0.9805857866656711
4.594659058326439 0.9791415447894186
4.59542483483616 0.9776970622061876
4.596190738975299 0.9762523388758596
4.596956770765128 0.9748073747583096
4.597722930226922 0.9733621698134058
4.59848921738196 0.9719167240010114
4.599255632251524 0.9704710372809812
4.6000221748569 0.9690251096131649
4.600788845219376 0.9672759937695886
4.601555643360246 0.9651401564665065
4.6023225693008065 0.9630039631905412
4.603089623062357 0.9608674138823627
4.603856804666201 0.9587305084826341
4.604624114133645 0.9565932469320055
4.605391551486001 0.9544556291711177
4.606159116744582 0.9523176551406037
4.606926809930706 0.9501793247810844
4.607694631065694 0.9480406380331727
4.608462580170872 0.94590159483747
4.609230657267567 0.9437621951345672
4.609998862377111 0.941179528394643
4.6107671955208405 0.9380560586922573
4.611535656720094 0.9349320684115859
4.6123042459962145 0.9318075574658682
4.613072963370547 0.9286825257683289
4.613841808864442 0.925556973232171
4.614610782499253 0.9224308997705903
4.615379884296336 0.9193043052967684
4.616149114277052 0.9161771897238649
4.616918472462765 0.9130495529650323
4.617687958874842 0.9099213949334088
4.618457573534655 0.9067927155421107
4.6192273164635775 0.9030297555613216
4.619997187682988 0.8985264681269761
4.620767187214269 0.8940224301447216
4.621537315078805 0.8895176414894705
4.622307571297984 0.8850121020361146
4.6230779558932005 0.880505811659514
4.623848468885849 0.8759987702345192
4.6246191102973295 0.8714909776359541
4.625389880149045 0.866982433738622
4.6261607784624035 0.8624731384173056
4.626931805258814 0.8579630915467664
4.627702960559691 0.8534522930017507
4.62847424438645 0.8482382119950541
4.6292456567605145 0.8422384685406686
4.6300171977033076 0.8362377251290408
4.630788867236258 0.8302359815935106
4.631560665380797 0.8242332377673903
4.6323325921583605 0.8182294934839646
4.633104647590387 0.8122247485764904
4.633876831698319 0.806219002878197
4.634649144503602 0.8002122562222865
4.635421586027686 0.7942045084419396
4.6361941562920235 0.788195759370296
4.6369668553180725 0.7821860088404676
4.637739683127292 0.7758051982733025
4.638512639741147 0.7690277804717504
4.639285725181104 0.7622492331005615
4.640058939468634 0.7554695559714758
4.640832282625213 0.7486887488962024
4.641605754672317 0.741906811686419
4.642379355631429 0.7351237441537644
4.643153085524035 0.7283395461098541
4.643926944371622 0.7215542173662723
4.6447009321956845 0.7147677577345646
4.645475049017717 0.7079801670262529
4.64624929485922 0.7011914450528282
4.647023669741697 0.694853012244535
4.647798173686653 0.6889752021065747
4.648572806715602 0.6830964123335863
4.649347568850054 0.6772166427623082
4.650122460111529 0.6713358932294314
4.6508974805215475 0.6654541635716338
4.6516726301016345 0.6595714536255592
4.652447908873318 0.6536877632278248
4.6532233168581305 0.6478030922150273
4.6539988540776065 0.6419174404237297
4.654774520553286 0.6360308076904614
4.655550316306712 0.6301431938517383
4.65632624135943 0.6256496447273049
4.65710229573299 0.6225208877502211
4.657878479448946 0.6193916093136416
4.6586547925288535 0.6162618093306568
4.659431234994275 0.6131314877143395
4.660207806866774 0.6100006443777547
4.660984508167918 0.6068692792339466
4.66176133891928 0.6037373921959482
4.662538299142433 0.6006049831767748
4.6633153888589565 0.5974720520894344
4.664092608090433 0.5943385988469101
4.664869956858448 0.5912046233621813
4.665647435184591 0.5899216324808352
4.666425043090455 0.5903731101058497
4.667202780597637 0.5908246629771353
4.667980647727736 0.5912762911072328
4.668758644502358 0.5917279945086853
4.669536770943108 0.5921797731940383
4.670315027071599 0.5926316271758385
4.671093412909444 0.593083556466636
4.671871928478263 0.5935355610789818
4.672650573799675 0.5939876410254293
4.673429348895309 0.5944397963185349
4.674208253786791 0.5948920269708557
4.674987288495755 0.5968269433271682
4.675766453043837 0.6000914711842488
4.676545747452678 0.6033565431293079
4.67732517174392 0.6066221592530218
4.678104725939211 0.6098883196460929
4.678884410060201 0.613155024399227
4.679664224128544 0.6164222736031526
4.680444168165899 0.619690067348613
4.6812242421939265 0.622958405726366
4.682004446234292 0.6262272888271811
4.682784780308665 0.6294967167418462
4.683565244438716 0.6327666895611638
4.684345838646123 0.6365590253608142
4.685126562952564 0.6407995278602838
4.685907417379723 0.6450407371101702
4.6866884019492865 0.6492826532282643
4.6874695166829445 0.6535252763323762
4.688250761602392 0.6577686065403406
4.689032136729326 0.6620126439700064
4.689813642085447 0.6662573887392416
4.690595277692461 0.6705028409659386
4.691377043572077 0.6747490007680091
4.6921589397460055 0.6789958682633791
4.692940966235963 0.6832434435699988
4.69372312306367 0.687088881425004
4.694505410250847 0.6906043441652627
4.6952878278192225 0.69412039281598
4.6960703757905256 0.6976370274748036
4.696853054186491 0.7011542482394049
4.6976358630288555 0.7046720552074676
4.6984188023393605 0.7081904484766911
4.69920187213975 0.7117094281447911
4.699985072451773 0.7152289943095028
4.700768403297182 0.7187491470685777
4.701551864697732 0.7222698865197793
4.702335456675182 0.7257912127608869
4.703119179251295 0.7284967182818448
4.703903032447837 0.730561750954451
4.704687016286578 0.7326271277991689
4.7054711307892925 0.7346928488733606
4.706255375977757 0.7367589142343974
4.7070397518737535 0.7388253239396624
4.707824258499066 0.7408920780465454
4.708608895875483 0.7429591766124464
4.7093936640247955 0.7450266196947737
4.7101785629687996 0.7470944073509479
4.7109635927292945 0.7491625396383991
4.711748753328083 0.7512310166145638
4.71253404478697 0.752551616143823
4.713319467127768 0.7533109035774825
4.714105020372289 0.7540703175590475
4.714890704542351 0.7548298581096101
4.715676519659775 0.7555895252502642
4.7164624657463845 0.756349319002108
4.7172485428240085 0.7571092393862437
4.718034750914479 0.7578692864237774
4.718821090039632 0.7586294601358173
4.719607560221305 0.7593897605434754
4.720394161481342 0.7601501876678686
4.721180893841589 0.7609107415301156
4.721967757323895 0.7611641331465865
4.722754751950116 0.7610535505256243
4.723541877742107 0.7609429494742251
4.7243291347217315 0.7608323299893174
4.725116522910852 0.7607216920678287
4.725904042331337 0.7606110357066866
4.726691693005059 0.7605003609028177
4.727479474953894 0.760389667653148
4.728267388199719 0.7602789559546035
4.72905543276442 0.7601682258041091
4.7298436086698805 0.7600574771985897
4.730631915937992 0.7599467101349694
4.731420354590648 0.7595242122513106
4.732208924649747 0.7588879039953563
4.732997626137188 0.7582514896880262
4.733786459074878 0.7576149693116448
4.734575423484724 0.7569783428485337
4.7353645193886384 0.7563416102810122
4.736153746808537 0.7557047715913963
4.736943105766338 0.7550678267619987
4.737732596283966 0.7544307757751297
4.738522218383347 0.7537936186130958
4.73931197208641 0.7531563552582021
4.740101857415091 0.7525189856927493
4.740891874391327 0.7516759900937625
4.741682023037058 0.7506982322952704
4.742472303374231 0.7497203115371455
4.743262715424793 0.7487422277922275
4.7440532592106965 0.7477639810333521
4.744843934753899 0.7467855712333491
4.745634742076358 0.7458069983650467
4.746425681200037 0.744828262401266
4.747216752146904 0.7438493633148249
4.748007954938928 0.742870301078536
4.748799289598085 0.7418910756652073
4.749590756146351 0.7409116870476437
4.750382354605709 0.739774791600416
4.751174084998143 0.738539254477107
4.751965947345643 0.7373035114309439
4.7527579416702 0.7360675624276067
4.753550067993812 0.7348314074327685
4.754342326338477 0.7335950464120984
4.7551347167262 0.7323584793312582
4.7559272391789875 0.7311217061559044
4.75671989371885 0.7298847268516881
4.757512680367803 0.7286475413842546
4.758305599147865 0.7274101497192422
4.759098650081056 0.7261725518222854
4.759891833189403 0.7247992878195572
4.760685148494935 0.723344895594931
4.761478596019685 0.7218902609716005
4.762272175785688 0.7204353839091671
4.763065887814985 0.718980264367223
4.763859732129621 0.7175249023053552
4.764653708751642 0.7160692976831442
4.765447817703101 0.7146134504601626
4.766242059006052 0.7131573605959761
4.767036432682553 0.7117010280501459
4.767830938754667 0.7102444527822248
4.7686255772444595 0.7087876347517593
4.769420348174 0.707207264311303
4.770215251565363 0.7055564181756978
4.771010287440624 0.7039052968990701
4.771805455821863 0.7022539004355642
4.772600756731167 0.7006022287393133
4.773396190190622 0.6989502817644468
4.77419175622232 0.6972980594650852
4.7749874548483575 0.6956455617953393
4.7757832860908325 0.6939927887093148
4.776579249971848 0.6923397401611099
4.77737534651351 0.6906864161048134
4.778171575737929 0.689032816494507
4.778967937667218 0.6872650343894123
4.779764432323496 0.6854351043975666
4.780561059728884 0.6836048694173885
4.781357819905505 0.6817743293980477
4.7821547128754895 0.6799434842887031
4.782951738660969 0.6781123340385079
4.783748897284079 0.6762808785966029
4.78454618876696 0.6744491179121247
4.785343613131754 0.6726170519341998
4.78614117040061 0.6707846806119447
4.786938860595677 0.6689520038944695
4.7877366837391095 0.667119021730874
4.788534639853066 0.6651819329998893
4.7893327289597085 0.6631908265262002
4.790130951081202 0.6611993882014333
4.790929306239716 0.6592076179702782
4.791727794457422 0.6572155157774181
4.792526415756498 0.6552230815675274
4.793325170159124 0.653230315285267
4.794124057687484 0.6512372168752933
4.794923078363765 0.6492437862822521
4.795722232210159 0.6472500234507775
4.796521519248861 0.6452559283254974
4.797320939502069 0.6432615008510306
4.798120492991986 0.6411748462071069
4.798920179740818 0.6390425982373448
4.799719999770774 0.6369099948929211
4.800519953104069 0.6347770361146071
4.80132003976292 0.6326437218431624
4.802120259769547 0.6305100520193394
4.802920613146175 0.6283760265838786
4.803721099915033 0.6262416454775113
4.804521720098352 0.6241069086409613
4.805322473718368 0.6219718160149385
4.806123360797321 0.6198363675401432
4.8069243813574545 0.6177005631572685
4.807725535421014 0.6154843901656284
4.808526823010251 0.6132303720025629
4.809328244147419 0.6109759781698028
4.810129798854778 0.608721208604737
4.810931487154587 0.6064660632447446
4.811733309069113 0.6042105420271924
4.8125352646206245 0.6019546448894367
4.813337353831395 0.5996983717688242
4.8141395767237 0.597441722602694
4.814941933319821 0.5951846973283678
4.815744423642041 0.5929272958831618
4.816547047712648 0.590669518204383
4.817349805553933 0.588338700001969
4.818152697188192 0.5859751644176222
4.818955722637724 0.5836112349106772
4.81975888192483 0.5812469114154815
4.820562175071818 0.5788821938663692
4.821365602100997 0.5765170821976668
4.822169163034681 0.5741515763436852
4.822972857895186 0.5717856762387298
4.823776686704835 0.5694193818170905
4.824580649485952 0.5670526930130467
4.825384746260866 0.5646856097608699
4.82618897705191 0.562318131994816
4.826993341881418 0.5598754351542226
4.827797840771732 0.5574007282599291
4.828602473745193 0.5549256089144875
4.829407240824151 0.5524500770491548
4.8302121420309545 0.5499741325951776
4.8310171773879595 0.5474977754837912
4.831822346917524 0.5450210056462204
4.83262765064201 0.5425438230136758
4.833433088583783 0.5400662275173601
4.834238660765214 0.5375882190884598
4.835044367208675 0.5351097976581556
4.835850207936543 0.5326309631576119
4.8366561829712 0.5300626278927358
4.837462292335029 0.5274581773076633
4.838268536050418 0.5248532926474949
4.8390749141397595 0.5222479738398822
4.83988142662545 0.519642220812468
4.840688073529887 0.517036033492884
4.841494854875475 0.5144294118087468
4.842301770684621 0.5118223556876622
4.843108820979735 0.5092148650572242
4.843916005783232 0.5066069398450127
4.844723325117529 0.5039985799786015
4.845530779005048 0.5013897853855447
4.846338367468215 0.49866703325901657
4.84714609052946 0.4959007774230064
4.847953948211215 0.49313406054435666
4.848761940535916 0.49036688254622846
4.849570067526006 0.48759924335176474
4.850378329203927 0.4848311428841024
4.851186725592128 0.48206258106636307
4.85199525671306 0.47929355782165317
4.852803922589179 0.47652407307307004
4.853612723242944 0.47375412674369577
4.854421658696817 0.47098371875660033
4.855230728973267 0.4682128490348384
4.856039934094762 0.46530011690912193
4.856849274083778 0.462336190170985
4.857658748962792 0.45937176944505953
4.858468358754286 0.4564068546490114
4.8592781034807455 0.4534414457004966
4.860087983164659 0.45047554251715816
4.86089799782852 0.4475091450166229
4.8617081474948245 0.4445422531165045
4.862518432186073 0.4415748667344038
4.863328851924771 0.4386069857879052
4.864139406733425 0.43563861019458017
4.864950096634548 0.43266973987199037
4.865760921650653 0.4295392394298023
4.866571881804262 0.4263536461286218
4.867382977117896 0.42316752189522533
4.868194207614082 0.4199808666411233
4.869005573315351 0.4167936802778122
4.869817074244237 0.41360596271677486
4.8706287104232775 0.4104177138694763
4.871440481875014 0.4072289336473712
4.872252388621994 0.40403962196189336
4.873064430686764 0.4008497787244696
4.873876608091878 0.3976594038465057
4.874688920859894 0.3944684972393936
4.875501369013371 0.39111777914990903
4.876313952574873 0.3877156536812032
4.877126671566969 0.3843129611915848
4.87793952601223 0.3809097015865524
4.878752515933232 0.377505874771586
4.879565641352554 0.37410148065215054
4.8803789022927795 0.37069651913369267
4.881192298776495 0.3672909901216514
4.882005830826291 0.3638848935214397
4.8828194984647615 0.36047822923846323
4.8836333017145055 0.35707099717810525
4.884447240598124 0.35366319724573786
4.885261315138224 0.3501299206130662
4.8860755253574135 0.34655852537467824
4.886889871278306 0.34298653490375053
4.887704352923519 0.33941394910107925
4.888518970315673 0.33584076786744116
4.8893337234773915 0.3322669911035975
4.890148612431305 0.32869261871028976
4.890963637200043 0.325117650588252
4.891778797806243 0.32154208663819467
4.892594094272543 0.3179659267608127
4.893409526621589 0.3143891708567816
4.894225094876026 0.31081181882676895
4.895040799058505 0.3071791990637094
4.895856639191682 0.3035305455931492
4.896672615298214 0.2998812840136785
4.897488727400764 0.29623141422394345
4.898304975521997 0.2925809361225783
4.8991213596845835 0.2889298496081973
4.899937879911198 0.285278154579395
4.900754536224516 0.28162585093475395
4.90157132864722 0.2779729385728409
4.902388257201995 0.27431941739219856
4.903205321911528 0.27066528729136197
4.904022522798513 0.26701054816884207
4.904839859885646 0.2633991997423699
4.905657333195627 0.2597988817302828
4.90647494275116 0.2561979636651935
4.907292688574952 0.2525964454470948
4.908110570689714 0.24899432697596036
4.908928589118162 0.2453916081517479
4.909746743883015 0.24178828887439574
4.910565035006996 0.23818436904383034
4.9113834625128305 0.23457984855995875
4.912202026423249 0.23097472732267615
4.913020726760986 0.22736900523185433
4.9138395635487795 0.22376268218734938
4.914658536809371 0.22030995908792045
4.915477646565506 0.2168947598036145
4.9162968928399335 0.21347899131942788
4.917116275655407 0.21006265354049272
4.9179357950346825 0.20664574637192998
4.918755451000521 0.20322826971883837
4.9195752435756885 0.19981022348630184
4.920395172782952 0.19639160757939325
4.9212152386450825 0.1929724219031669
4.922035441184857 0.18955266636266227
4.922855780425055 0.18613234086290031
4.923676256388458 0.18271144530889097
4.924496869097856 0.1795452414654156
4.925317618576039 0.17643727498817585
4.9261385048458015 0.1733287905165227
4.9269595279299425 0.17021978796412351
4.927780687851264 0.16711026724463227
4.928601984632572 0.16400022827168936
4.929423418296678 0.16088967095891518
4.930244988866394 0.15777859521992324
4.931066696364539 0.154667000968307
4.931888540813933 0.1515548881176497
4.932710522237402 0.14844225658151783
4.933532640657774 0.1453291062734645
4.934354896097884 0.14254526055141759
4.935177288580567 0.13983143536785506
4.935999818128663 0.13711715788009704
4.936822484765018 0.13440242801275754
4.937645288512479 0.1316872456904388
4.938468229393897 0.12897161083773429
4.939291307432129 0.12625552337921986
4.940114522650035 0.12353898323946265
4.940937875070476 0.12082199034301505
4.941761364716322 0.11810454461441779
4.942584991610441 0.11538664597819985
4.943408755775709 0.11266829435887556
4.9442326572350055 0.1103180323268782
4.9450566960112115 0.10804028100117948
4.945880872127213 0.10576215005026117
4.946705185605901 0.1034836394108495
4.947529636470168 0.10120474901966577
4.948354224742913 0.09892547881341654
4.949178950447037 0.09664582872879858
4.950003813605445 0.09436579870250125
4.950828814241046 0.09208538867119921
4.951653952376753 0.0898045985715573
4.952479228035482 0.08752342834023298
4.953304641240155 0.085241877913869
4.954130192013696 0.08333170346449789
4.954955880379031 0.08148897187786101
4.955781706359094 0.0796459331692929
4.956607669976821 0.07780258728760538
4.95743377125515 0.07595893418160432
4.9582600102170264 0.07411497380008572
4.959086386885396 0.07227070609183758
4.95991290128321 0.07042613100563805
4.960739553433424 0.06858124849025732
4.961566343358996 0.06673605849445766
4.962393271082889 0.06489056096699142
4.963220336628069 0.06304475585660504
4.964047540017507 0.06154519699717803
4.964874881274176 0.06010332311420008
4.965702360421055 0.05866120891890825
4.966529977481125 0.057218854371250634
4.967357732477372 0.05577625943116759
4.968185625432785 0.054333424058594836
4.969013656370357 0.052890348213460336
4.969841825313085 0.05144703185568433
4.970670132283971 0.05000347494518242
4.971498577306018 0.04855967744186243
4.972327160402235 0.047115639305624485
4.973155881595636 0.045671360496364055
4.973984740909235 0.044530218016108715
4.974813738366053 0.04343508167142546
4.975642873989114 0.042339762804017966
4.976472147801445 0.041244261383465666
4.977301559826079 0.04014857737934329
4.97813111008605 0.03905271076121969
4.9789607986043976 0.037956661498660206
4.979790625404165 0.036860429561223144
4.9806205905084 0.03576401491846329
4.981450693940151 0.034667417539929545
4.982280935722475 0.03357063739516614
4.983111315878428 0.0324736744537126
4.983941834431075 0.03162872231467141
4.98477249140348 0.030818426456248105
4.985603286818714 0.03000799554851503
4.98643422069985 0.029197429568963807
4.987265293069967 0.02838672849508256
4.988096503952145 0.027575892304355976
4.9889278533694705 0.026764920974264382
4.9897593413450325 0.025953814482283795
4.990590967901923 0.02514257280588849
4.99142273306324 0.02433119592254667
4.992254636852084 0.023519683809724825
4.993086679291559 0.022708036444884228
4.993918860404774 0.022097224279151423
4.994751180214841 0.02151120863990939
4.995583638744877 0.0209250953313938
4.9964162360180016 0.020338884337326935
4.997248972057338 0.01975257564142796
4.998081846886014 0.01916616922741291
4.998914860527162 0.01857966507899532
4.9997480130039165 0.01799306317988622
5.000581304339417 0.017406363513794137
5.001414734556807 0.016819566064424477
5.002248303679233 0.016232670815480146
5.003082011729846 0.015645677750660912
5.0039158587318004 0.015213223723591855
5.004749844708256 0.014797723032185114
5.005583969682374 0.014382153090662934
5.006418233677321 0.01396651388748403
5.0072526367162675 0.013550805411104462
5.008087178822387 0.013135027649978965
5.008921860018857 0.01271918059256006
5.00975668032886 0.012303264227298057
5.010591639775582 0.011887278542641936
5.011426738382211 0.011471223527038468
5.012261976171941 0.011055099168932207
5.01309735316797 0.010638905456766386
5.013932869393497 0.010338153386674898
5.014768524871729 0.010048535666115542
5.015604319625875 0.009758869675935943
5.0164402536791455 0.00946915540809151
5.017276327054758 0.009179392854535806
5.018112539775934 0.008889582007221163
5.018948891865897 0.00859972285809837
5.019785383347874 0.008309815399117605
5.020622014245099 0.008019859622226887
5.0214587845808065 0.007729855519373317
5.022295694378236 0.007439803082502758
5.023132743660633 0.007149702303559232
5.0239699324512435 0.006943814689971533
5.0248072607733185 0.006744946121338168
5.025644728650114 0.006546044407943288
5.026482336104889 0.006347109544262858
5.027320083160907 0.0061481415247717905
5.028157969841434 0.005949140343944152
5.028995996169741 0.005750105996253168
5.029834162169102 0.005551038476170795
5.030672467862797 0.00535193777816836
5.031510913274108 0.005152803896716343
5.03234949842632 0.004953636826284171
5.033188223342724 0.004754436561340217
5.0340270880466145 0.0046153880369254364
5.0348660925612885 0.004480587353137983
5.035705236910049 0.004345764202569776
5.036544521116201 0.004210918581476478
5.037383945203054 0.004076050486113034
5.038223509193921 0.003941159912733676
5.0390632131121205 0.003806246857592067
5.039903056980973 0.003671311316941298
5.040743040823803 0.0035363532870337465
5.04158316466394 0.0034013727641212205
5.042423428524717 0.003266369744454955
5.043263832429472 0.00313134422428533
5.044104376401544 0.0030385630128025583
5.044945060464277 0.0029482401091330693
5.045785884641021 0.0028579021516463325
5.046626848955128 0.0027675491378333205
5.047467953429954 0.002677181065184719
5.048309198088859 0.002586797931190642
5.049150582955207 0.002496399733340917
5.049992108052366 0.002405986469124893
5.050833773403708 0.002315558136031445
5.051675579032609 0.0022251147315491583
5.052517524962448 0.002134656253166143
5.053359611216608 0.0020441826983700314
5.054201837818478 0.0019829415523903732
5.0550442047914474 0.0019230453166531867
5.055886712158912 0.0018631390982100692
5.056729359944272 0.0018032228953971747
5.05757214817093 0.001743296706550468
5.058415076862292 0.0016833605300056612
5.059258146041769 0.001623414364098087
5.060101355732776 0.0015634582071628262
5.060944705958732 0.0015034920575347699
5.061788196743058 0.0014435159135484299
5.062631828109182 0.0013835297735381288
5.063475600080533 0.0013235336358378108
5.064319512680546 0.0012834995747682827
5.06516356593266 0.001244146875846253
5.066007759860315 0.0012047876181410966
5.066852094486959 0.0011654218005596319
5.0676965698360394 0.0011260494220085944
5.0685411859310125 0.0010866704813944296
5.069385942795335 0.0010472849776235003
5.070230840452467 0.001007892909601962
5.071075878925876 0.0009684942762357635
5.07192105823903 0.0009290890764306464
5.072766378415404 0.0008896773090922281
5.073611839478473 0.0008502589731259189
5.074457441451719 0.0008243326506753746
5.075303184358628 0.0007987100027977052
5.076149068222688 0.0007730830844787054
5.076995093067392 0.0007474518950066513
5.077841258916237 0.0007218164336696844
5.078687565792723 0.0006961766997558387
5.079534013720355 0.0006705326925530137
5.080380602722642 0.0006448844113489741
5.081227332823096 0.0006192318554314041
5.082074204045234 0.0005935750240878535
5.082921216412575 0.000567913916605737
5.083768369948643 0.0005422485322723891
5.084615664676968 0.0005256085668455527
5.085463100621081 0.0005090696535667437
5.0863106778045175 0.0004925279838024013
5.0871583962508184 0.00047598355709308626
5.088006255983527 0.0004594363729793246
5.088854257026191 0.0004428864310015384
5.089702399402362 0.0004263337307000978
5.0905506831355956 0.0004097782716152687
5.091399108249451 0.00039322005328726523
5.092247674767493 0.00037665907525619743
5.093096382713288 0.0003600953370621234
5.093945232110407 0.00034352883824501437
5.094794222982426 0.0003329127474641784
5.095643355352923 0.00032229676669703216
5.096492629245482 0.00031167901659975963
5.09734204468369 0.00030105949687746816
5.098191601691137 0.0002904382072352317
5.099041300291419 0.00027981514737804666
5.099891140508134 0.0002691903170108871
5.1007411223648855 0.00025856371583867155
5.101591245885279 0.00024793534356626313
5.102441511092927 0.00023730519989846935
5.103291918011442 0.0002266732845400644
5.104142466664444 0.00021608099229591615
5.104993157075555 0.00020932947642732244
5.105843989268401 0.00020257683530608002
5.106694963266612 0.00019582306874464913
5.107546079093823 0.0001890681765554619
5.108397336773672 0.00018231215855090815
5.109248736329801 0.00017555501454335646
5.110100277785856 0.00016879674434513327
5.110951961165487 0.00016203734776854377
5.111803786492348 0.0001552768246258579
5.112655753790096 0.00014851517472931746
5.113507863082394 0.000141752397891129
5.114360114392908 0.00013504268515904106
5.115212507745307 0.0001307861399911027
5.116065043163264 0.0001265288853989712
5.1169177206704575 0.0001222709212644074
5.117770540290569 0.00011801224746915448
5.118623502047284 0.00011375286389493332
5.119476605964292 0.00010949277042345161
5.120329852065286 0.00010523196693639033
5.121183240373964 0.00010097045331541279
5.122036770914026 9.670822944216452e-05
5.122890443709179 9.244529519827332e-05
5.12374425878313 8.818165046534042e-05
5.124598216159594 8.396898522862757e-05
5.1254523158622876 8.12910721994289e-05
5.126306557914932 7.86127128513919e-05
5.127160942341251 7.593390711012998e-05
5.128015469164975 7.325465490124546e-05
5.128870138409836 7.057495615032669e-05
5.129724950099571 6.789481078294811e-05
5.130579904257921 6.521421872467583e-05
5.13143500090863 6.2533179901062e-05
5.132290240075449 5.98516942376421e-05
5.133145621782128 5.7169761659946005e-05
5.134001146052425 5.448738209348689e-05
5.1348568129101 5.1848420002010034e-05
5.135712622378919 5.0171223945233144e-05
5.136568574482649 4.8493748355781056e-05
5.137424669245062 4.681599318706402e-05
5.138280906689936 4.513795839248531e-05
5.139137286841051 4.345964392544125e-05
5.139993809722191 4.178104973931946e-05
5.140850475357145 4.0102175787498846e-05
5.141707283769705 3.842302202335309e-05
5.142564234983666 3.67435884002472e-05
5.14342132902283 3.506387487153744e-05
5.144278565911001 3.3383881390573145e-05
5.145135945671986 3.173920964906576e-05
5.145993468329598 3.07103555444737e-05
5.146851133907653 2.9681329964197956e-05
5.147708942429971 2.8652132879658194e-05
5.148566893920376 2.7622764262271966e-05
5.1494249884026955 2.659322408344935e-05
5.150283225900763 2.5563512314596168e-05
5.151141606438413 2.4533628927115042e-05
5.152000130039486 2.350357389240327e-05
5.152858796727826 2.2473347181851752e-05
5.153717606527281 2.1442948766848193e-05
5.154576559461702 2.0412378618776034e-05
5.155435655554946 1.9407654857984265e-05
5.1562948948308716 1.8773433471640297e-05
5.157154277313343 1.81391063817318e-05
5.158013803026229 1.750467357064132e-05
5.1588734719934 1.6870135020749436e-05
5.159733284238732 1.6235490714432135e-05
5.160593239786105 1.5600740634064105e-05
5.161453338659403 1.4965884762016084e-05
5.162313580882513 1.4330923080655546e-05
5.163173966479326 1.3695855572348644e-05
5.164034495473739 1.3060682219456949e-05
5.164895167889652 1.2425403004339405e-05
5.165755983750967 1.1808449725446815e-05
5.166616943081592 1.1413823040356743e-05
5.167478045905439 1.1019130584152499e-05
5.168339292246423 1.0624372345872029e-05
5.169200682128464 1.0229548314552053e-05
5.170062215575485 9.834658479226855e-06
5.170923892611414 9.439702828929084e-06
5.171785713260183 9.044681352689357e-06
5.172647677545727 8.649594039537072e-06
5.1735097854919845 8.25444087849918e-06
5.174372037122899 7.859221858601412e-06
5.17523443246242 7.463936968866649e-06
5.1760969715344975 7.0822181068308935e-06
5.1769596543630865 6.8426219597861e-06
5.177822480972147 6.602985880049983e-06
5.178685451385642 6.363309860967439e-06
5.17954856562754 6.123593895881638e-06
5.180411823721811 5.883837978135013e-06
5.181275225692431 5.644042101068759e-06
5.18213877156338 5.404206258022843e-06
5.183002461358641 5.164330442336486e-06
5.1838662951022005 4.924414647347681e-06
5.184730272818051 4.684458866392938e-06
5.185594394530187 4.444463092808026e-06
5.186458660262609 4.214194247248888e-06
5.187323070039319 4.0732565782054125e-06
5.188187623884326 3.932295419550455e-06
5.18905232182164 3.791310767368997e-06
5.189917163875276 3.650302617745582e-06
5.190782150069255 3.5092709667638877e-06
5.1916472804276 3.368215810507011e-06
5.192512554974338 3.227137145057325e-06
5.193377973733501 3.0860349664967685e-06
5.1942435367291235 2.944909270906411e-06
5.195109243985245 2.8037600543668884e-06
5.195975095525909 2.6625873129579674e-06
5.1968410913751635 2.527591532047071e-06
5.197707231557059 2.44302765285098e-06
5.198573516095652 2.3584496796749955e-06
5.199439945015001 2.2738576101701678e-06
5.20030651833917 2.1892514419871117e-06
5.2011732360922265 2.1046311727760102e-06
5.202040098298242 2.0199968001866983e-06
5.202907104981292 1.9353483218685783e-06
5.203774256165455 1.8506857354707917e-06
5.204641551874816 1.76600903864196e-06
5.205508992133462 1.6813182290302711e-06
5.206376576965484 1.5966133042836528e-06
5.207244306394978 1.5153122757800859e-06
5.208112180446044 1.45893689645399e-06
5.208980199142784 1.402552121231352e-06
5.209848362509308 1.346157948546175e-06
5.2107166705697265 1.2897543768321737e-06
5.211585123348155 1.23334140452289e-06
5.212453720868713 1.176919030051577e-06
5.213322463155524 1.1204872518511996e-06
5.214191350232717 1.0640460683544345e-06
5.215060382124422 1.0075954779937847e-06
5.215929558854776 9.511354792014072e-07
5.216798880447918 8.946660704092284e-07
5.217668346927993 8.419085288858519e-07
5.218537958319147 8.137207186978364e-07
5.219407714645533 7.855282105414576e-07
5.220277615931308 7.573310036336948e-07
5.22114766220063 7.291290971914695e-07
5.222017853477663 7.009224904315018e-07
5.222888189786576 6.727111825703966e-07
5.223758671151541 6.444951728246437e-07
5.224629297596732 6.162744604106177e-07
5.225500069146332 5.880490445445205e-07
5.226370985824523 5.598189244424387e-07
5.227242047655493 5.31584099320344e-07
5.228113254663436 5.053607815661642e-07
5.2289846068725465 4.912668929221841e-07
5.229856104307025 4.771706552967705e-07
5.230727746991076 4.6307206829842004e-07
5.2315995349489075 4.489711315355718e-07
5.232471468204732 4.3486784461659275e-07
5.233343546782766 4.207622071497928e-07
5.23421577070723 4.066542187434096e-07
5.235088140002349 3.925438790056237e-07
5.235960654692349 3.78431187544558e-07
5.236833314801464 3.6431614396824925e-07
5.237706120353931 3.5019874788467674e-07
5.23857907137399 3.3608332193216553e-07
5.239452167885886 3.2198939301049967e-07
5.240325409913867 3.078931151006787e-07
5.241198797482186 2.9379448781120606e-07
5.242072330615099 2.7969351075052753e-07
5.242946009336868 2.6559018352700316e-07
5.243819833671758 2.514845057489354e-07
5.2446938036440365 2.3737647702456954e-07
5.245567919277977 2.2326609696209339e-07
5.246442180597857 2.0915336516959444e-07
5.247316587627957 1.9503828125513153e-07
5.248191140392561 1.809208448266918e-07
5.24906583891596 1.6912297e-07
5.249940683222445 1.6912297e-07
5.250815673336316 1.6912297e-07
5.251690809281872 1.6912297e-07
5.252566091083419 1.6912297e-07
5.253441518765266 1.6912297e-07
5.254317092351727 1.6912297e-07
5.2551928118671185 1.6912297e-07
5.256068677335763 1.6912297e-07
5.256944688781986 1.6912297e-07
5.257820846230116 1.6912297e-07
5.258697149704488 1.6912297e-07
5.259573599229438 1.6665018458837815e-07
5.26045019482931 1.5255627255012303e-07
5.261326936528448 1.38460011526524e-07
5.262203824351203 1.24361401126091e-07
5.263080858321928 1.1026044095726258e-07
5.263958038464981 9.615713062840584e-08
5.264835364804726 8.205146974781658e-08
5.265712837365527 6.794345792374767e-08
5.2665904561717545 5.38330947643806e-08
5.267468221247783 3.972037987782549e-08
5.268346132617991 2.560531287212102e-08
5.26922419030676 1.148789335524878e-08
5.270102394338478 0.0
5.2709807447375345 0.0
5.2718592415283245 0.0
5.272737884735246 0.0
5.273616674382702 0.0
5.2744956104951 0.0
5.275374693096849 0.0
5.276253922212365 0.0
5.277133297866067 0.0
5.278012820082378 0.0
5.278892488885726 0.0
5.27977230430054 0.0
5.2806522663512565 0.0
5.281532375062315 0.0
5.2824126304581585 0.0
5.283293032563235 0.0
5.284173581401996 0.0
5.285054276998896 0.0
5.285935119378396 0.0
5.28681610856496 0.0
5.287697244583054 0.0
5.288578527457151 0.0
5.289459957211728 0.0
5.2903415338712625 0.0
5.291223257460241 0.0
5.2921051280031515 0.0
5.292987145524485 0.0
5.2938693100487395 0.0
5.2947516216004145 0.0
5.295634080204015 0.0
5.296516685884049 0.0
5.297399438665029 0.0
5.2982823385714735 0.0
5.299165385627902 0.0
5.30004857985884 0.0
5.300931921288817 0.0
5.301815409942365 0.0
5.3026990458440215 0.0
5.303582829018329 0.0
5.3044667594898325 0.0
5.305350837283081 0.0
5.306235062422628 0.0
5.307119434933032 0.0
5.3080039548388545 0.0
5.308888622164661 0.0
5.309773436935021 0.0
5.31065839917451 0.0
5.3115435089077065 0.0
5.312428766159191 0.0
5.313314170953551 0.0
5.314199723315377 0.0
5.315085423269263 0.0
5.315971270839808 0.0
5.316857266051614 0.0
5.31774340892929 0.0
5.3186296994974445 0.0
5.319516137780694 0.0
5.3204027238036575 0.0
5.321289457590958 0.0
5.322176339167223 0.0
5.323063368557084 0.0
5.323950545785177 0.0
5.3248378708761415 0.0
5.325725343854621 0.0
5.326612964745263 0.0
5.3275007335727205 0.0
5.328388650361649 0.0
5.32927671513671 0.0
5.330164927922566 0.0
5.331053288743886 0.0
5.331941797625344 0.0
5.3328304545916145 0.0
5.3337192596673795 0.0
5.334608212877324 0.0
5.335497314246137 0.0
5.336386563798511 0.0
5.337275961559144 0.0
5.338165507552738 0.0
5.339055201803997 0.0
5.339945044337631 0.0
5.340835035178354 0.0
5.341725174350883 0.0
5.342615461879942 0.0
5.343505897790255 0.0
5.3443964821065535 0.0
5.345287214853571 0.0
5.346178096056047 0.0
5.347069125738723 0.0
5.347960303926346 0.0
5.348851630643667 0.0
5.349743105915441 0.0
5.350634729766427 0.0
5.351526502221388 0.0
5.3524184233050915 0.0
5.353310493042309 0.0
5.354202711457816 0.0
5.355095078576392 0.0
5.355987594422821 0.0
5.356880259021891 0.0
5.357773072398395 0.0
5.358666034577128 0.0
5.3595591455828915 0.0
5.360452405440489 0.0
5.3613458141747286 0.0
5.362239371810424 0.0
5.3631330783723925 0.0
5.364026933885454 0.0
5.364920938374435 0.0
5.365815091864164 0.0
5.366709394379474 0.0
5.3676038459452045 0.0
5.368498446586195 0.0
5.369393196327293 0.0
5.370288095193347 0.0
5.371183143209213 0.0
5.372078340399748 0.0
5.372973686789814 0.0
5.373869182404279 0.0
5.374764827268013 0.0
5.375660621405891 0.0
5.376556564842792 0.0
5.377452657603599 0.0
5.3783488997132 0.0
5.379245291196486 0.0
5.380141832078352 0.0
5.381038522383698 0.0
5.381935362137429 0.0
5.382832351364452 0.0
5.383729490089679 0.0
5.384626778338027 0.0
5.385524216134416 0.0
5.386421803503772 0.0
5.387319540471023 0.0
5.388217427061102 0.0
5.389115463298945 0.0
5.390013649209495 0.0
5.390911984817697 0.0
5.3918104701485 0.0
5.392709105226858 0.0
5.393607890077729 0.0
5.394506824726076 0.0
5.395405909196863 0.0
5.396305143515062 0.0
5.3972045277056475 0.0
5.398104061793599 0.0
5.399003745803897 0.0
5.399903579761531 0.0
5.4008035636914915 0.0
5.401703697618774 0.0
5.402603981568377 0.0
5.403504415565305 0.0
5.404404999634566 0.0
5.405305733801171 0.0
5.406206618090138 0.0
5.407107652526487 0.0
5.408008837135242 0.0
5.4089101719414305 0.0
5.409811656970088 0.0
5.410713292246249 0.0
5.4116150777949565 0.0
5.4125170136412555 0.0
5.413419099810196 0.0
5.4143213363268305 0.0
5.415223723216219 0.0
5.416126260503422 0.0
5.417028948213505 0.0
5.417931786371541 0.0
5.418834775002603 0.0
5.41973791413177 0.0
5.420641203784125 0.0
5.421544643984756 0.0
5.422448234758754 0.0
5.4233519761312134 0.0
5.4242558681272355 0.0
5.4251599107719235 0.0
5.426064104090385 0.0
5.426968448107734 0.0
5.427872942849085 0.0
5.4287775883395595 0.0
5.429682384604282 0.0
5.430587331668383 0.0
5.431492429556994 0.0
5.432397678295254 0.0
5.4333030779083025 0.0
5.434208628421287 0.0
5.435114329859357 0.0
5.436020182247667 0.0
5.436926185611375 0.0
5.437832339975643 0.0
5.438738645365639 0.0
5.4396451018065335 0.0
5.440551709323501 0.0
5.441458467941722 0.0
5.442365377686379 0.0
5.443272438582659 0.0
5.444179650655757 0.0
5.445087013930866 0.0
5.445994528433188 0.0
5.446902194187927 0.0
5.447810011220292 0.0
5.448717979555496 0.0
5.449626099218755 0.0
5.4505343702352915 0.0
5.45144279263033 0.0
5.452351366429102 0.0
5.453260091656841 0.0
5.4541689683387835 0.0
5.455077996500173 0.0
5.455987176166256 0.0
5.456896507362284 0.0
5.457805990113512 0.0
5.4587156244451975 0.0
5.459625410382605 0.0
5.460535347951002 0.0
5.4614454371756604 0.0
5.462355678081856 0.0
5.4632660706948695 0.0
5.464176615039985 0.0
5.465087311142492 0.0
5.4659981590276825 0.0
5.466909158720854 0.0
5.467820310247307 0.0
5.468731613632348 0.0
5.469643068901286 0.0
5.470554676079436 0.0
5.471466435192116 0.0
5.472378346264648 0.0
5.473290409322359 0.0
5.474202624390579 0.0
5.475114991494644 0.0
5.476027510659893 0.0
5.47694018191167 0.0
5.477853005275321 0.0
5.478765980776201 0.0
5.479679108439663 0.0
5.48059238829107 0.0
5.481505820355785 0.0
5.482419404659178 0.0
5.4833331412266215 0.0
5.484247030083493 0.0
5.485161071255173 0.0
5.486075264767049 0.0
5.4869896106445095 0.0
5.48790410891295 0.0
5.488818759597769 0.0
5.489733562724369 0.0
5.490648518318156 0.0
5.491563626404542 0.0
5.492478887008943 0.0
5.493394300156778 0.0
5.494309865873471 0.0
5.49522558418445 0.0
5.496141455115147 0.0
5.497057478691 0.0
5.497973654937448 0.0
5.498889983879938 0.0
5.499806465543918 0.0
5.5007230999548415 0.0
5.501639887138167 0.0
5.502556827119357 0.0
5.503473919923877 0.0
5.504391165577198 0.0
5.505308564104794 0.0
5.5062261155321455 0.0
5.5071438198847344 0.0
5.506751 5.506751
