;~		WAVE 		FLUX
1.0 0.0
2.0 0.0
2.4852941 0.0
2.4905283 0.0
2.4957734 0.0
2.5010298 0.0
2.5062971 0.0
2.5115755 0.0
2.516865 0.0
2.5221657 0.0
2.5274776 0.0
2.5328006 0.0
2.5381349 0.0
2.5434803 0.0
2.5488371 0.0
2.5542051 0.0
2.5595844 0.0
2.5649751 0.0
2.5703771 0.0
2.5757904 0.0
2.5812152 0.0
2.5866515 0.0
2.5920991 0.0
2.5975583 0.0
2.6030289 0.0
2.6085111 0.0
2.6140048 0.0
2.61951 0.0
2.6250268 0.0
2.6305554 0.0
2.6360955 0.0
2.6416473 0.0
2.6472107 0.0
2.652786 0.0
2.6583729 0.0
2.6639717 0.0
2.6695821 0.0
2.6752044 0.0
2.6808386 0.0
2.6864846 0.0
2.6921425 0.0
2.6978124 0.0
2.7034942 0.0
2.7091879 0.0
2.7148936 0.0
2.7206113 0.0
2.7263412 0.0
2.732083 0.0
2.7378369 0.0
2.743603 0.0
2.7493812 0.0
2.7551716 0.0
2.7609742 0.0
2.766789 0.0
2.772616 0.0
2.7784554 0.0
2.7843069 0.0
2.7901709 0.0
2.7960472 0.0
2.8019358 0.0
2.8078368 0.0
2.8137504 0.0
2.8196764 0.0
2.8256148 0.0
2.8315657 0.0
2.8375291 0.0
2.8435051 0.0
2.8494938 0.0
2.855495 0.0
2.8615089 0.0
2.8675354 0.0
2.8735747 0.0
2.8796266 0.0
2.8856912 0.0
2.8917687 0.0
2.897859 0.0
2.9039621 0.0
2.9100779 0.0
2.9162068 0.0
2.9223485 0.0
2.9285032 0.0
2.9346708 0.0
2.9408515 0.0
2.9470451 0.0
2.9532517 0.0
2.9594715 0.0
2.9657043 0.0
2.9719503 0.0
2.9782094 0.0
2.9844818 0.0
2.9907672 0.0
2.997066 0.0
3.003378 0.0
3.0097034 0.0
3.016042 0.0
3.022394 0.0
3.0287593 0.0
3.0351381 0.0
3.0415303 0.0
3.047936 0.0
3.0543551 0.0
3.0607878 0.0
3.067234 0.0
3.0736938 0.0
3.0801672 0.0
3.0866542 0.0
3.0931549 0.0
3.0996694 0.0
3.1061974 0.0
3.1127393 0.0
3.119295 0.0
3.1258644 0.0
3.1324477 0.0
3.1390448 0.0
3.1456558 0.0
3.1522808 0.0
3.1589198 0.0
3.1655726 0.0
3.1722395 0.0
3.1789205 0.0
3.1856155 0.0
3.1923246 0.0
3.1990478 0.0
3.2057853 0.0
3.2125368 0.0
3.2193027 0.0
3.2260827 0.0
3.2328771 0.0
3.2396857 0.0
3.2465088 0.0
3.2533461 0.0
3.2601979 0.0
3.267064 0.0
3.2739447 0.0
3.2808399 0.0
3.2877495 0.0
3.2946737 0.0
3.3016126 0.0
3.308566 0.0
3.315534 0.0
3.3225167 0.0
3.3295142 0.0
3.3365264 0.0
3.3435533 0.0
3.350595 0.0
3.3576516 0.0
3.3647231 0.0
3.3718094 0.0
3.3789106 0.0
3.3860268 0.0
3.3931581 0.0
3.4003043 0.0
3.4074655 0.0
3.4146419 0.0
3.4218334 0.0
3.4290399 0.0
3.4362617 0.0
3.4434988 0.0
3.450751 0.0
3.4580185 0.0
3.4653013 0.0
3.4725995 0.0
3.479913 0.0
3.4872419 0.0
3.4945863 0.0
3.5019461 0.0
3.5093214 0.0
3.5167123 0.0
3.5241188 0.0
3.5315408 0.0
3.5389785 0.0
3.5464318 0.0
3.5539008 0.0
3.5613856 0.0
3.5688861 0.0
3.5764024 0.0
3.5839345 0.0
3.5914826 0.0
3.5990464 0.0
3.6066262 0.0
3.6142221 0.0
3.6218338 0.0
3.6294616 0.0
3.6371056 0.0
3.6447655 0.0
3.6524416 0.0
3.6601339 0.0
3.6678424 0.0
3.6755671 0.0
3.6833081 0.0
3.6910655 0.0
3.6988391 0.0
3.7066291 0.0
3.7144354 0.0
3.7222583 0.0
3.7300976 0.0
3.7379535 0.0
3.7458259 0.0
3.7537148 0.0
3.7616204 0.0
3.7695426 0.0
3.7774815 0.0
3.7854371 0.0
3.7934096 0.0
3.8013987 0.0
3.8094047 0.0
3.8174275 0.0
3.8254673 0.0
3.833524 0.0
3.8415977 0.0
3.8496883 0.0
3.857796 0.0
3.8659208 0.0
3.8740627 0.0
3.8822217 0.0
3.890398 0.0
3.8985914 0.0
3.906802 0.0
3.91503 0.0
3.9232754 0.0
3.9315381 0.0
3.9398182 0.0
3.9481157 0.0
3.9564306 0.0
3.9647632 0.0
3.9731132 0.0
3.9814809 0.0
4.5045588 0.0
4.5140457 0.0
4.5235526 0.0
4.5330795 0.0
4.5426265 0.0
4.5521936 0.0
4.5617808 0.0
4.5713882 0.0
4.5810158 0.0
4.5906638 0.0
4.600332 0.0
4.6100206 0.0
4.6197296 0.0
4.6294591 0.0
4.639209 0.0
4.6489795 0.0
4.6587706 0.0
4.6685823 0.0
4.6784146 0.0
4.6882677 0.0
4.6981415 0.0
4.7080361 0.0
4.7179515 0.0
4.7278878 0.0
4.7378451 0.0
4.7478233 0.0
4.7578225 0.0
4.7678428 0.0
4.7778842 0.0
4.7879467 0.0
4.7980305 0.0
4.8081355 0.0
4.8182617 0.0
4.8284093 0.0
4.8385782 0.0
4.8487686 0.0
4.8589804 0.0
4.8692138 0.0
4.8794687 0.0
4.8897451 0.0
4.9000433 0.0
4.9103631 0.0
4.9207046 0.0
4.931068 0.0
4.9414531 0.0
4.9518602 0.0
4.9622891 0.0
4.97274 0.0
4.9832129 0.0
4.9937079 0.0
5.004225 0.0
5.0147642 0.0
5.0253257 0.0
5.0359093 0.0
5.0465153 0.0
5.0571436 0.0
5.0677943 0.0
5.0784674 0.0
5.089163 0.0
5.0998811 0.0
5.1106218 0.0
5.1213851 0.0
5.1321711 0.0
5.1429798 0.0
5.1538112 0.0
5.1646655 0.0
5.1755426 0.0
5.1864427 0.0
5.1973656 0.0
5.2083116 0.0
5.2192807 0.0
5.2302729 0.0
5.2412882 0.0
5.2523267 0.0
5.2633884 0.0
5.2744735 0.0
5.2855818 0.0
5.2967136 0.0
5.3078689 0.0
5.3190476 0.0
5.3302499 0.0
5.3414757 0.0
5.3527252 0.0
5.3639984 0.0
5.3752954 0.0
5.3866161 0.0
5.3979607 0.0
5.4093291 0.0
5.4207215 0.0
5.4321379 0.0
5.4435784 0.0
5.4550429 0.0
5.4665316 0.0
5.4780445 0.0
5.4895816 0.0
5.501143 0.0
5.5127288 0.0
5.524339 0.0
5.5359736 0.0
5.5476327 0.0
5.5593164 0.0
5.5710247 0.0
5.5827577 0.00032001716
5.5945153 0.0024952862
5.6062977 0.0047749973
5.618105 0.010597605
5.6299371 0.0187107
5.6417941 0.029671967
5.6536761 0.042915864
5.6655831 0.060519398
5.6775152 0.075448369
5.6894724 0.089591737
5.7014548 0.10729034
5.7134625 0.14280766
5.7254954 0.19739507
5.7375537 0.26426055
5.7496374 0.33366461
5.7617465 0.4030034
5.7738811 0.47029644
5.7860413 0.53567383
5.7982271 0.58965645
5.8104385 0.6317717
5.8226757 0.67129073
5.8349386 0.70943914
5.8472274 0.74577091
5.8595421 0.77443935
5.8718826 0.79798408
5.8842492 0.8139913
5.8966418 0.82855153
5.9090606 0.84002932
5.9215054 0.85008463
5.9339765 0.85700299
5.9464739 0.86320398
5.9589975 0.86783588
5.9715476 0.87598566
5.9841241 0.89147929
5.996727 0.90767276
6.0093565 0.92400279
6.0220126 0.95447472
6.0346954 0.96881072
6.0474049 0.98054763
6.0601411 0.98802395
6.0729042 0.99509502
6.0856941 0.99841307
6.098511 1.0
6.1113549 1.0
6.1242258 0.99823487
6.1371238 0.99539156
6.150049 0.99539156
6.1630014 0.99453956
6.1759811 0.98974032
6.1889881 0.98204494
6.2020225 0.96598578
6.2150844 0.93928898
6.2281738 0.90898782
6.2412907 0.87665833
6.2544353 0.85364914
6.2676076 0.83446651
6.2808076 0.81934554
6.2940354 0.81200835
6.307291 0.80565744
6.3205746 0.80238234
6.3338862 0.80184419
6.3472257 0.80184419
6.3605934 0.792308
6.3739893 0.78521002
6.3874133 0.78024844
6.4008656 0.77527312
6.4143463 0.77029215
6.4278553 0.76529453
6.4413928 0.76025632
6.4549588 0.75272669
6.4685534 0.74474205
6.4821766 0.73466823
6.4958285 0.72369662
6.5095091 0.71105071
6.5232186 0.69615468
6.5369569 0.67992906
6.5507242 0.66719831
6.5645204 0.65445035
6.5783458 0.64167113
6.5922002 0.63028319
6.6060838 0.62002477
6.6199967 0.61167829
6.6339388 0.6039523
6.6479103 0.58865699
6.6619113 0.57231985
6.6759417 0.55627256
6.6900017 0.54092282
6.7040913 0.5260006
6.7182105 0.51160288
6.7323595 0.49774514
6.7465383 0.48435747
6.760747 0.47148736
6.7749856 0.45907057
6.7892541 0.44709111
6.8035528 0.43555102
6.8178815 0.42442172
6.8322404 0.41369244
6.8466296 0.40345314
6.861049 0.39345445
6.8754989 0.38395451
6.8899791 0.37464509
6.9044899 0.36561225
6.9190312 0.35700032
6.9336031 0.3487269
6.9482058 0.34070694
6.9628391 0.33299032
6.9775033 0.32556234
6.9921984 0.31836948
7.0069245 0.3114277
7.0216815 0.30471798
7.0364696 0.29827922
7.0512889 0.29193936
7.0661394 0.28587677
7.0810212 0.28001142
7.0959343 0.27423263
7.1108788 0.26872008
7.1258548 0.26329106
7.1408623 0.25801674
7.1559014 0.25286819
7.1709722 0.2478373
7.1860748 0.24290655
7.2012091 0.23806984
7.2163753 0.23332574
7.2315735 0.22865204
7.2468037 0.22403609
7.2620659 0.21947791
7.2773603 0.21493839
7.2926869 0.21044054
7.3080458 0.20594915
7.323437 0.20146625
7.3388607 0.19697612
7.3543168 0.19246545
7.3698055 0.18793172
7.3853268 0.18335598
7.4008808 0.1787221
7.4164675 0.17402938
7.4320871 0.16925905
7.4477396 0.16441879
7.463425 0.15945418
7.4791435 0.15442448
7.4948951 0.14926489
7.5106798 0.14392727
7.5264978 0.13848671
7.5423491 0.13291593
7.5582338 0.1271185
7.5741519 0.12116485
7.5901036 0.11492637
7.6060889 0.1086879
7.6221078 0.10262397
7.6381605 0.096733511
7.654247 0.093758313
7.6703673 0.090778607
7.6865216 0.087793713
7.7027099 0.079287409
7.7189324 0.069148681
7.7351889 0.057131475
7.7514798 0.041682609
7.7678049 0.028404144
7.7841644 0.018412943
7.8005584 0.018297
7.8169869 0.018181057
7.83345 0.018065115
7.8499477 0.017949172
7.8664803 0.017833229
7.8830476 0.017717286
7.8996498 0.017601344
7.916287 0.017485401
7.9329592 0.017369458
7.9496666 0.017253515
7.9664091 0.017137572
7.9831869 0.01702163
8.0 0.016905687
10.0 0.0
100.0 0.0
1000.0 0.0
