;~		WAVE 		FLUX
1.0 0.0
2.0 0.0
2.4852941 0.0
2.4905283 0.0
2.4957734 0.0
2.5010298 0.0
2.5062971 0.0
2.5115755 0.0
2.516865 0.0
2.5221657 0.0
2.5274776 0.0
2.5328006 0.0
2.5381349 0.0
2.5434803 0.0
2.5488371 0.0
2.5542051 0.0
2.5595844 0.0
2.5649751 0.0
2.5703771 0.0
2.5757904 0.0
2.5812152 0.0
2.5866515 0.0
2.5920991 0.0
2.5975583 0.0
2.6030289 0.0
2.6085111 0.0
2.6140048 0.0
2.61951 0.0
2.6250268 0.0
2.6305554 0.0
2.6360955 0.0
2.6416473 0.0
2.6472107 0.0
2.652786 0.0
2.6583729 0.0
2.6639717 0.0
2.6695821 0.0
2.6752044 0.0
2.6808386 0.0
2.6864846 0.0
2.6921425 0.0
2.6978124 0.0
2.7034942 0.0
2.7091879 0.0
2.7148936 0.012710898
2.7206113 0.13065514
2.7263412 0.24859938
2.732083 0.36654363
2.7378369 0.48448787
2.743603 0.60243211
2.7493812 0.72037636
2.7551716 0.8383206
2.7609742 0.92899127
2.766789 0.99782479
2.772616 1.0666583
2.7784554 1.1354918
2.7843069 1.2043253
2.7901709 1.2731589
2.7960472 1.3419924
2.8019358 1.4108259
2.8078368 1.4850371
2.8137504 1.5806731
2.8196764 1.6763091
2.8256148 1.7719451
2.8315657 1.8675811
2.8375291 1.9632171
2.8435051 2.0588531
2.8494938 2.1544891
2.855495 2.2637792
2.8615089 2.374673
2.8675354 2.4855668
2.8735747 2.5964606
2.8796266 2.7073544
2.8856912 2.8182483
2.8917687 2.9291421
2.897859 3.0400359
2.9039621 3.1352255
2.9100779 3.2266645
2.9162068 3.3181035
2.9223485 3.4095425
2.9285032 3.5009815
2.9346708 3.5924205
2.9408515 3.6838595
2.9470451 3.7325253
2.9532517 3.7655748
2.9594715 3.7986243
2.9657043 3.8316738
2.9719503 3.8647233
2.9782094 3.8977728
2.9844818 3.9308223
2.9907672 3.8742786
2.997066 3.7896959
3.003378 3.7051133
3.0097034 3.6205306
3.016042 3.535948
3.022394 3.4513654
3.0287593 3.3667827
3.0351381 3.3647289
3.0415303 3.3727206
3.047936 3.3807123
3.0543551 3.388704
3.0607878 3.3966957
3.067234 3.4046874
3.0736938 3.4126791
3.0801672 3.3586588
3.0866542 3.2780832
3.0931549 3.1975076
3.0996694 3.1169319
3.1061974 3.0363563
3.1127393 2.9557807
3.119295 2.8752051
3.1258644 2.825176
3.1324477 2.7942952
3.1390448 2.7634144
3.1456558 2.7325336
3.1522808 2.7016527
3.1589198 2.6707719
3.1655726 2.6398911
3.1722395 2.6090103
3.1789205 2.5781295
3.1856155 2.5472487
3.1923246 2.5163679
3.1990478 2.4854871
3.2057853 2.4546063
3.2125368 2.4237254
3.2193027 2.3928446
3.2260827 2.3619638
3.2328771 2.331083
3.2396857 2.3002022
3.2465088 2.2693214
3.2533461 2.2384406
3.2601979 2.2075598
3.267064 2.176679
3.2739447 2.1457981
3.2808399 2.1149173
3.2877495 2.0840365
3.2946737 2.0531557
3.3016126 2.0222749
3.308566 1.9913941
3.315534 1.9605133
3.3225167 1.9296325
3.3295142 1.8987517
3.3365264 1.8678708
3.3435533 1.83699
3.350595 1.8061092
3.3576516 1.7752284
3.3647231 1.7443476
3.3718094 1.7134668
3.3789106 1.682586
3.3860268 1.6517052
3.3931581 1.6208244
3.4003043 1.565177
3.4074655 1.5081869
3.4146419 1.4511967
3.4218334 1.3942065
3.4290399 1.3372164
3.4362617 1.2802262
3.4434988 1.2412068
3.450751 1.2186199
3.4580185 1.1960329
3.4653013 1.173446
3.4725995 1.150859
3.479913 1.1282721
3.4872419 1.0673248
3.4945863 0.97534393
3.5019461 0.8833631
3.5093214 0.79138228
3.5167123 0.69940145
3.5241188 0.60742062
3.5315408 0.5154398
3.5389785 0.45454461
3.5464318 0.39613214
3.5539008 0.33771967
3.5613856 0.27930721
3.5688861 0.22089474
3.5764024 0.16571887
3.5839345 0.1362969
3.5914826 0.10687492
3.5990464 0.077452949
3.6066262 0.048030976
3.6142221 0.018609003
3.6218338 0.0
3.6294616 0.0
3.6371056 0.0
3.6447655 0.0
3.6524416 0.0
3.6601339 0.0
3.6678424 0.0
3.6755671 0.0
3.6833081 0.0
3.6910655 0.0
3.6988391 0.0
3.7066291 0.0
3.7144354 0.0
3.7222583 0.0
3.7300976 0.0
3.7379535 0.0
3.7458259 0.0
3.7537148 0.0
3.7616204 0.0
3.7695426 0.0
3.7774815 0.0
3.7854371 0.0
3.7934096 0.0
3.8013987 0.0
3.8094047 0.0
3.8174275 0.0
3.8254673 0.0
3.833524 0.0
3.8415977 0.0
3.8496883 0.0
3.857796 0.0
3.8659208 0.0
3.8740627 0.0
3.8822217 0.0
3.890398 0.0
3.8985914 0.0
3.906802 0.0
3.91503 0.0
3.9232754 0.0
3.9315381 0.0
3.9398182 0.0
3.9481157 0.0
3.9564306 0.0
3.9647632 0.0
3.9731132 0.0
3.9814809 0.0
4.5045588 0.0
4.5140457 0.0
4.5235526 0.0
4.5330795 0.0
4.5426265 0.0
4.5521936 0.0
4.5617808 0.0
4.5713882 0.0
4.5810158 0.0
4.5906638 0.0
4.600332 0.0
4.6100206 0.0
4.6197296 0.0
4.6294591 0.0
4.639209 0.0
4.6489795 0.0
4.6587706 0.0
4.6685823 0.0
4.6784146 0.0
4.6882677 0.0
4.6981415 0.0
4.7080361 0.0
4.7179515 0.0
4.7278878 0.0
4.7378451 0.0
4.7478233 0.0
4.7578225 0.0
4.7678428 0.0
4.7778842 0.0
4.7879467 0.0
4.7980305 0.0
4.8081355 0.0
4.8182617 0.0
4.8284093 0.0
4.8385782 0.0
4.8487686 0.0
4.8589804 0.0
4.8692138 0.0
4.8794687 0.0
4.8897451 0.0
4.9000433 0.0
4.9103631 0.0
4.9207046 0.0
4.931068 0.0
4.9414531 0.0
4.9518602 0.0
4.9622891 0.0
4.97274 0.0
4.9832129 0.0
4.9937079 0.0
5.004225 0.0
5.0147642 0.0
5.0253257 0.0
5.0359093 0.0
5.0465153 0.0
5.0571436 0.0
5.0677943 0.0
5.0784674 0.0
5.089163 0.0
5.0998811 0.0
5.1106218 0.0
5.1213851 0.0
5.1321711 0.0
5.1429798 0.0
5.1538112 0.0
5.1646655 0.0
5.1755426 0.0
5.1864427 0.0
5.1973656 0.0
5.2083116 0.0
5.2192807 0.0
5.2302729 0.0
5.2412882 0.0
5.2523267 0.0
5.2633884 0.0
5.2744735 0.0
5.2855818 0.0
5.2967136 0.0
5.3078689 0.0
5.3190476 0.0
5.3302499 0.0
5.3414757 0.0
5.3527252 0.0
5.3639984 0.0
5.3752954 0.0
5.3866161 0.0
5.3979607 0.0
5.4093291 0.0
5.4207215 0.0
5.4321379 0.0
5.4435784 0.0
5.4550429 0.0
5.4665316 0.0
5.4780445 0.0
5.4895816 0.0
5.501143 0.0
5.5127288 0.0
5.524339 0.0
5.5359736 0.0
5.5476327 0.0
5.5593164 0.0
5.5710247 0.0
5.5827577 0.0
5.5945153 0.0
5.6062977 0.0
5.618105 0.0
5.6299371 0.0
5.6417941 0.0
5.6536761 0.0
5.6655831 0.0
5.6775152 0.0
5.6894724 0.0
5.7014548 0.0
5.7134625 0.0
5.7254954 0.0
5.7375537 0.0
5.7496374 0.0
5.7617465 0.0
5.7738811 0.0
5.7860413 0.0
5.7982271 0.0
5.8104385 0.0
5.8226757 0.0
5.8349386 0.0
5.8472274 0.0
5.8595421 0.0
5.8718826 0.0
5.8842492 0.0
5.8966418 0.0
5.9090606 0.0
5.9215054 0.0
5.9339765 0.0
5.9464739 0.0
5.9589975 0.0
5.9715476 0.0
5.9841241 0.0
5.996727 0.0
6.0093565 0.0
6.0220126 0.0
6.0346954 0.0
6.0474049 0.0
6.0601411 0.0
6.0729042 0.0
6.0856941 0.0
6.098511 0.0
6.1113549 0.0
6.1242258 0.0
6.1371238 0.0
6.150049 0.0
6.1630014 0.0
6.1759811 0.0
6.1889881 0.0
6.2020225 0.0
6.2150844 0.0
6.2281738 0.0
6.2412907 0.0
6.2544353 0.0
6.2676076 0.0
6.2808076 0.0
6.2940354 0.0
6.307291 0.0
6.3205746 0.0
6.3338862 0.0
6.3472257 0.0
6.3605934 0.0
6.3739893 0.0
6.3874133 0.0
6.4008656 0.0
6.4143463 0.0
6.4278553 0.0
6.4413928 0.0
6.4549588 0.0
6.4685534 0.0
6.4821766 0.0
6.4958285 0.0
6.5095091 0.0
6.5232186 0.0
6.5369569 0.0
6.5507242 0.0
6.5645204 0.0
6.5783458 0.0
6.5922002 0.0
6.6060838 0.0
6.6199967 0.0
6.6339388 0.0
6.6479103 0.0
6.6619113 0.0
6.6759417 0.0
6.6900017 0.0
6.7040913 0.0
6.7182105 0.0
6.7323595 0.0
6.7465383 0.0
6.760747 0.0
6.7749856 0.0
6.7892541 0.0
6.8035528 0.0
6.8178815 0.0
6.8322404 0.0
6.8466296 0.0
6.861049 0.0
6.8754989 0.0
6.8899791 0.0
6.9044899 0.0
6.9190312 0.0
6.9336031 0.0
6.9482058 0.0
6.9628391 0.0
6.9775033 0.0
6.9921984 0.0
7.0069245 0.0
7.0216815 0.0
7.0364696 0.0
7.0512889 0.0
7.0661394 0.0
7.0810212 0.0
7.0959343 0.0
7.1108788 0.0
7.1258548 0.0
7.1408623 0.0
7.1559014 0.0
7.1709722 0.0
7.1860748 0.0
7.2012091 0.0
7.2163753 0.0
7.2315735 0.0
7.2468037 0.0
7.2620659 0.0
7.2773603 0.0
7.2926869 0.0
7.3080458 0.0
7.323437 0.0
7.3388607 0.0
7.3543168 0.0
7.3698055 0.0
7.3853268 0.0
7.4008808 0.0
7.4164675 0.0
7.4320871 0.0
7.4477396 0.0
7.463425 0.0
7.4791435 0.0
7.4948951 0.0
7.5106798 0.0
7.5264978 0.0
7.5423491 0.0
7.5582338 0.0
7.5741519 0.0
7.5901036 0.0
7.6060889 0.0
7.6221078 0.0
7.6381605 0.0
7.654247 0.0
7.6703673 0.0
7.6865216 0.0
7.7027099 0.0
7.7189324 0.0
7.7351889 0.0
7.7514798 0.0
7.7678049 0.0
7.7841644 0.0
7.8005584 0.0
7.8169869 0.0
7.83345 0.0
7.8499477 0.0
7.8664803 0.0
7.8830476 0.0
7.8996498 0.0
7.916287 0.0
7.9329592 0.0
7.9496666 0.0
7.9664091 0.0
7.9831869 0.0
8.0 0.0
10.0 0.0
100.0 0.0
1000.0 0.0
