;+
;> NOTE1 = 'scale = K_OHMc / K_Draine'
;> NOTE2 = 'Scale has been chosen so that OHMc smoothly joins to Draine between 3-5 and 40-50 microns.'
;-

;~            WAVE            SCALE         K_DRAINE           K_OHMC
     3.0270000E+00    1.0019684E+00    4.2328291E-01    4.8500000E-01
     3.1730000E+00    1.0130041E+00    3.8510454E-01    4.4300000E-01
     3.3370000E+00    1.0246077E+00    3.4990061E-01    4.0100000E-01
     3.4970000E+00    1.0332730E+00    3.2013537E-01    3.6300000E-01
     3.6780000E+00    1.0463539E+00    2.9206399E-01    3.3200000E-01
     3.8550000E+00    1.0542311E+00    2.6888962E-01    3.0300000E-01
     4.0130000E+00    1.0619303E+00    2.5038515E-01    2.8100000E-01
     4.1920000E+00    1.0701600E+00    2.3172212E-01    2.5900000E-01
     4.4090000E+00    1.0820470E+00    2.1227785E-01    2.3700000E-01
     4.5740000E+00    1.0861265E+00    1.9920022E-01    2.2100000E-01
     4.7460000E+00    1.0927546E+00    1.8802291E-01    2.0800000E-01
     4.9080000E+00    1.0988192E+00    1.7850928E-01    1.9700000E-01
     5.1620000E+00    1.0961373E+00    1.6512530E-01    1.8100000E-01
     5.4650000E+00    1.0892749E+00    1.5147692E-01    1.6500000E-01
     5.8830000E+00    1.0801582E+00    1.3701697E-01    1.4800000E-01
     6.3980000E+00    1.0848204E+00    1.2352275E-01    1.3400000E-01
     6.9350000E+00    1.0915378E+00    1.1268506E-01    1.2300000E-01
     7.3420000E+00    1.0215781E+00    1.1452868E-01    1.1700000E-01
     7.5670000E+00    9.3173522E-01    1.2342562E-01    1.1500000E-01
     8.0390000E+00    5.9595318E-01    1.9464616E-01    1.1600000E-01
     8.3410000E+00    4.4086022E-01    2.7900000E-01    1.2300000E-01
     8.5110000E+00    4.0361446E-01    3.3200000E-01    1.3400000E-01
     8.6260000E+00    4.0677966E-01    3.5400000E-01    1.4400000E-01
     8.7130000E+00    4.3049849E-01    3.7630794E-01    1.6200000E-01
     8.8310000E+00    4.4782007E-01    4.1311234E-01    1.8500000E-01
     8.9500000E+00    4.5132743E-01    4.5200000E-01    2.0400000E-01
     9.0410000E+00    4.5585216E-01    4.8700000E-01    2.2200000E-01
     9.1630000E+00    4.6506855E-01    5.2895428E-01    2.4600000E-01
     9.2550000E+00    4.8573206E-01    5.5586201E-01    2.7000000E-01
     9.3490000E+00    5.2358607E-01    5.7488160E-01    3.0100000E-01
     9.4120000E+00    5.6421761E-01    5.8488072E-01    3.3000000E-01
     9.5390000E+00    6.0906368E-01    5.8450374E-01    3.5600000E-01
     9.7330000E+00    6.7793414E-01    5.6642670E-01    3.8400000E-01
     9.8320000E+00    7.3465704E-01    5.5400000E-01    4.0700000E-01
     9.8980000E+00    7.7803169E-01    5.4625025E-01    4.2500000E-01
     1.0032000E+01    8.1544256E-01    5.3100000E-01    4.3300000E-01
     1.0201000E+01    8.2507967E-01    5.1267776E-01    4.2300000E-01
     1.0374000E+01    8.2787814E-01    4.8678662E-01    4.0300000E-01
     1.0550000E+01    8.4003689E-01    4.5712278E-01    3.8400000E-01
     1.0692000E+01    8.3380813E-01    4.3295332E-01    3.6100000E-01
     1.0800000E+01    8.2918490E-01    4.1365924E-01    3.4300000E-01
     1.0946000E+01    8.3867297E-01    3.8632460E-01    3.2400000E-01
     1.1094000E+01    8.4925907E-01    3.6031408E-01    3.0600000E-01
     1.1244000E+01    8.5556989E-01    3.4129298E-01    2.9200000E-01
     1.1358000E+01    8.5492543E-01    3.2868364E-01    2.8100000E-01
     1.1473000E+01    8.3849517E-01    3.1604237E-01    2.6500000E-01
     1.1589000E+01    8.3830144E-01    3.0180075E-01    2.5300000E-01
     1.1706000E+01    8.1745740E-01    2.8747676E-01    2.3500000E-01
     1.1785000E+01    7.9333145E-01    2.7857209E-01    2.2100000E-01
     1.1904000E+01    7.7812953E-01    2.6602255E-01    2.0700000E-01
     1.1985000E+01    7.5139615E-01    2.5818604E-01    1.9400000E-01
     1.2106000E+01    7.3279352E-01    2.4700000E-01    1.8100000E-01
     1.2269000E+01    7.3678946E-01    2.3208801E-01    1.7100000E-01
     1.2394000E+01    7.2487137E-01    2.2348793E-01    1.6200000E-01
     1.2519000E+01    7.0798025E-01    2.1469525E-01    1.5200000E-01
     1.2688000E+01    7.0792079E-01    2.0200000E-01    1.4300000E-01
     1.2860000E+01    7.1620977E-01    1.8988850E-01    1.3600000E-01
     1.3033000E+01    7.2067039E-01    1.7900000E-01    1.2900000E-01
     1.3299000E+01    7.6219512E-01    1.6400000E-01    1.2500000E-01
     1.3569000E+01    8.0956232E-01    1.5193395E-01    1.2300000E-01
     1.3938000E+01    8.6524823E-01    1.4100000E-01    1.2200000E-01
     1.4222000E+01    8.6330935E-01    1.3900000E-01    1.2000000E-01
     1.4560000E+01    8.3929347E-01    1.4059444E-01    1.1800000E-01
     1.4906000E+01    7.8917507E-01    1.4698893E-01    1.1600000E-01
     1.5209000E+01    7.7272727E-01    1.5400000E-01    1.1900000E-01
     1.5311000E+01    7.9338751E-01    1.5629185E-01    1.2400000E-01
     1.5518000E+01    8.1987578E-01    1.6100000E-01    1.3200000E-01
     1.5781000E+01    8.2738095E-01    1.6800000E-01    1.3900000E-01
     1.5941000E+01    8.4797670E-01    1.7217454E-01    1.4600000E-01
     1.6156000E+01    8.7602914E-01    1.7807627E-01    1.5600000E-01
     1.6374000E+01    9.0028254E-01    1.8438656E-01    1.6600000E-01
     1.6540000E+01    9.2291399E-01    1.8853328E-01    1.7400000E-01
     1.6820000E+01    9.4871795E-01    1.9500000E-01    1.8500000E-01
     1.7105000E+01    9.6423622E-01    2.0119551E-01    1.9400000E-01
     1.7394000E+01    9.8406700E-01    2.0730296E-01    2.0400000E-01
     1.7748000E+01    9.8746696E-01    2.1266534E-01    2.1000000E-01
     1.8170000E+01    9.8598131E-01    2.1400000E-01    2.1100000E-01
     1.8539000E+01    9.6532039E-01    2.1340065E-01    2.0600000E-01
     1.8853000E+01    9.3013372E-01    2.1179750E-01    1.9700000E-01
     1.9236000E+01    8.9302447E-01    2.0940076E-01    1.8700000E-01
     1.9496000E+01    8.6895856E-01    2.0599371E-01    1.7900000E-01
     1.9760000E+01    8.4869613E-01    2.0148554E-01    1.7100000E-01
     2.0094000E+01    8.3424093E-01    1.9538720E-01    1.6300000E-01
     2.0503000E+01    8.0966515E-01    1.8896701E-01    1.5300000E-01
     2.0920000E+01    7.9088009E-01    1.8334006E-01    1.4500000E-01
     2.1346000E+01    7.8035109E-01    1.7812495E-01    1.3900000E-01
     2.1780000E+01    7.7456647E-01    1.7300000E-01    1.3400000E-01
     2.2223000E+01    7.7455922E-01    1.6783739E-01    1.3000000E-01
     2.2981000E+01    7.7169945E-01    1.6068432E-01    1.2400000E-01
     2.3926000E+01    7.6999651E-01    1.5454615E-01    1.1900000E-01
     2.4909000E+01    7.7440631E-01    1.4979217E-01    1.1600000E-01
     2.5932000E+01    7.7758176E-01    1.4660838E-01    1.1400000E-01
     2.6908000E+01    7.8202354E-01    1.4449693E-01    1.1300000E-01
     2.7826000E+01    7.9582236E-01    1.4324805E-01    1.1400000E-01
     2.9067000E+01    8.1820223E-01    1.4177424E-01    1.1600000E-01
     3.0059000E+01    8.2861496E-01    1.3999264E-01    1.1600000E-01
     3.1085000E+01    8.3239134E-01    1.3575345E-01    1.1300000E-01
     3.2038000E+01    8.3482704E-01    1.3056597E-01    1.0900000E-01
     3.3243000E+01    8.4232634E-01    1.2465477E-01    1.0500000E-01
     3.4493000E+01    8.3817110E-01    1.1930738E-01    1.0000000E-01
     3.5076000E+01    8.4087220E-01    1.1654565E-01    9.8000000E-02
     3.5670000E+01    8.3532112E-01    1.1253157E-01    9.4000000E-02
     3.6395000E+01    8.2875414E-01    1.0739011E-01    8.9000000E-02
     3.7011000E+01    8.2387552E-01    1.0317093E-01    8.5000000E-02
     3.7764000E+01    8.2373814E-01    9.8332220E-02    8.1000000E-02
     3.8662000E+01    8.2142670E-01    9.2521950E-02    7.6000000E-02
     3.9316000E+01    8.1151025E-01    8.8723464E-02    7.2000000E-02
     4.0251000E+01    8.1181522E-01    8.4265816E-02    6.8000000E-02
     4.1069000E+01    8.2138000E-01    8.0000000E-02    6.4000000E-02
     4.1764000E+01    8.3046965E-01    7.5551586E-02    6.0000000E-02
     4.2757000E+01    8.5324895E-01    7.0229199E-02    5.6000000E-02
     4.3920000E+01    8.7840000E-01    6.5000000E-02    5.2000000E-02
     4.4964000E+01    8.9267541E-01    6.1000000E-02    4.8000000E-02
     4.6033000E+01    9.1383697E-01    5.7485909E-02    4.5000000E-02
     4.7127000E+01    9.3105407E-01    5.3945869E-02    4.1000000E-02
     4.8572000E+01    9.6608453E-01    4.9836282E-02    3.8000000E-02
     4.9727000E+01    9.9304901E-01    4.6955609E-02    3.5000000E-02
