;~            T_BB         Frac_SIL        Frac_CARB
     3.0000000E+00    4.3338396E-01    5.6661604E-01
     3.0975643E+00    4.3337059E-01    5.6662941E-01
     3.1983016E+00    4.3335421E-01    5.6664579E-01
     3.3023150E+00    4.3334276E-01    5.6665724E-01
     3.4097110E+00    4.3333992E-01    5.6666008E-01
     3.5205997E+00    4.3334051E-01    5.6665949E-01
     3.6350947E+00    4.3332996E-01    5.6667004E-01
     3.7533132E+00    4.3331677E-01    5.6668323E-01
     3.8753764E+00    4.3330122E-01    5.6669878E-01
     4.0014092E+00    4.3327998E-01    5.6672002E-01
     4.1315408E+00    4.3325529E-01    5.6674471E-01
     4.2659045E+00    4.3323859E-01    5.6676141E-01
     4.4046379E+00    4.3322119E-01    5.6677881E-01
     4.5478830E+00    4.3321114E-01    5.6678886E-01
     4.6957867E+00    4.3321675E-01    5.6678325E-01
     4.8485005E+00    4.3321945E-01    5.6678055E-01
     5.0061807E+00    4.3317523E-01    5.6682477E-01
     5.1689890E+00    4.3311842E-01    5.6688158E-01
     5.3370919E+00    4.3305838E-01    5.6694162E-01
     5.5106619E+00    4.3300176E-01    5.6699824E-01
     5.6898765E+00    4.3294406E-01    5.6705594E-01
     5.8749195E+00    4.3290698E-01    5.6709302E-01
     6.0659804E+00    4.3288434E-01    5.6711566E-01
     6.2632548E+00    4.3288912E-01    5.6711088E-01
     6.4669449E+00    4.3292333E-01    5.6707667E-01
     6.6772593E+00    4.3296842E-01    5.6703158E-01
     6.8944134E+00    4.3289499E-01    5.6710501E-01
     7.1186296E+00    4.3276959E-01    5.6723041E-01
     7.3501377E+00    4.3264520E-01    5.6735480E-01
     7.5891748E+00    4.3252331E-01    5.6747669E-01
     7.8359857E+00    4.3242376E-01    5.6757624E-01
     8.0908233E+00    4.3235551E-01    5.6764449E-01
     8.3539485E+00    4.3232848E-01    5.6767152E-01
     8.6256310E+00    4.3236033E-01    5.6763967E-01
     8.9061489E+00    4.3245274E-01    5.6754726E-01
     9.1957897E+00    4.3255818E-01    5.6744182E-01
     9.4948501E+00    4.3245332E-01    5.6754668E-01
     9.8036363E+00    4.3225292E-01    5.6774708E-01
     1.0122465E+01    4.3205780E-01    5.6794220E-01
     1.0451662E+01    4.3186908E-01    5.6813092E-01
     1.0791565E+01    4.3173140E-01    5.6826860E-01
     1.1142522E+01    4.3165185E-01    5.6834815E-01
     1.1504893E+01    4.3163985E-01    5.6836015E-01
     1.1879049E+01    4.3172437E-01    5.6827563E-01
     1.2265373E+01    4.3191112E-01    5.6808888E-01
     1.2664260E+01    4.3197992E-01    5.6802008E-01
     1.3076120E+01    4.3178627E-01    5.6821373E-01
     1.3501375E+01    4.3151345E-01    5.6848655E-01
     1.3940459E+01    4.3125536E-01    5.6874464E-01
     1.4393823E+01    4.3105349E-01    5.6894651E-01
     1.4861930E+01    4.3090805E-01    5.6909195E-01
     1.5345262E+01    4.3087559E-01    5.6912441E-01
     1.5844312E+01    4.3093023E-01    5.6906977E-01
     1.6359592E+01    4.3112394E-01    5.6887606E-01
     1.6891629E+01    4.3127673E-01    5.6872327E-01
     1.7440969E+01    4.3109070E-01    5.6890930E-01
     1.8008175E+01    4.3080643E-01    5.6919357E-01
     1.8593827E+01    4.3051947E-01    5.6948053E-01
     1.9198525E+01    4.3027450E-01    5.6972550E-01
     1.9822888E+01    4.3012593E-01    5.6987407E-01
     2.0467557E+01    4.3008515E-01    5.6991485E-01
     2.1133192E+01    4.3016081E-01    5.6983919E-01
     2.1820474E+01    4.3037418E-01    5.6962582E-01
     2.2530107E+01    4.3035465E-01    5.6964535E-01
     2.3262819E+01    4.3009188E-01    5.6990812E-01
     2.4019359E+01    4.2984111E-01    5.7015889E-01
     2.4800503E+01    4.2959555E-01    5.7040445E-01
     2.5607051E+01    4.2944460E-01    5.7055540E-01
     2.6439830E+01    4.2937269E-01    5.7062731E-01
     2.7299691E+01    4.2941412E-01    5.7058588E-01
     2.8187516E+01    4.2953850E-01    5.7046150E-01
     2.9104215E+01    4.2950468E-01    5.7049532E-01
     3.0050726E+01    4.2923719E-01    5.7076281E-01
     3.1028019E+01    4.2893639E-01    5.7106361E-01
     3.2037095E+01    4.2874320E-01    5.7125680E-01
     3.3078987E+01    4.2867529E-01    5.7132471E-01
     3.4154764E+01    4.2869808E-01    5.7130192E-01
     3.5265526E+01    4.2880317E-01    5.7119683E-01
     3.6412412E+01    4.2888317E-01    5.7111683E-01
     3.7596596E+01    4.2874614E-01    5.7125386E-01
     3.8819291E+01    4.2850954E-01    5.7149046E-01
     4.0081751E+01    4.2825555E-01    5.7174445E-01
     4.1385267E+01    4.2810148E-01    5.7189852E-01
     4.2731176E+01    4.2804723E-01    5.7195277E-01
     4.4120855E+01    4.2810202E-01    5.7189798E-01
     4.5555729E+01    4.2827576E-01    5.7172424E-01
     4.7037267E+01    4.2837066E-01    5.7162934E-01
     4.8566987E+01    4.2839518E-01    5.7160482E-01
     5.0146455E+01    4.2836990E-01    5.7163010E-01
     5.1777290E+01    4.2829196E-01    5.7170804E-01
     5.3461162E+01    4.2817253E-01    5.7182747E-01
     5.5199797E+01    4.2803251E-01    5.7196749E-01
     5.6994974E+01    4.2796435E-01    5.7203565E-01
     5.8848532E+01    4.2809858E-01    5.7190142E-01
     6.0762371E+01    4.2841066E-01    5.7158934E-01
     6.2738451E+01    4.2874119E-01    5.7125881E-01
     6.4778796E+01    4.2898123E-01    5.7101877E-01
     6.6885496E+01    4.2911617E-01    5.7088383E-01
     6.9060709E+01    4.2908768E-01    5.7091232E-01
     7.1306663E+01    4.2894225E-01    5.7105775E-01
     7.3625658E+01    4.2886144E-01    5.7113856E-01
     7.6020071E+01    4.2902464E-01    5.7097536E-01
     7.8492353E+01    4.2936206E-01    5.7063794E-01
     8.1045038E+01    4.2982207E-01    5.7017793E-01
     8.3680739E+01    4.3025200E-01    5.6974800E-01
     8.6402158E+01    4.3057361E-01    5.6942639E-01
     8.9212080E+01    4.3066767E-01    5.6933233E-01
     9.2113386E+01    4.3060479E-01    5.6939521E-01
     9.5109046E+01    4.3067258E-01    5.6932742E-01
     9.8202130E+01    4.3086089E-01    5.6913911E-01
     1.0139580E+02    4.3111481E-01    5.6888519E-01
     1.0469334E+02    4.3138651E-01    5.6861349E-01
     1.0809812E+02    4.3184673E-01    5.6815327E-01
     1.1161363E+02    4.3239873E-01    5.6760127E-01
     1.1524346E+02    4.3270993E-01    5.6729007E-01
     1.1899135E+02    4.3278453E-01    5.6721547E-01
     1.2286112E+02    4.3280979E-01    5.6719021E-01
     1.2685674E+02    4.3291431E-01    5.6708569E-01
     1.3098230E+02    4.3296098E-01    5.6703902E-01
     1.3524204E+02    4.3296932E-01    5.6703068E-01
     1.3964030E+02    4.3328152E-01    5.6671848E-01
     1.4418161E+02    4.3393479E-01    5.6606521E-01
     1.4887060E+02    4.3452829E-01    5.6547171E-01
     1.5371209E+02    4.3480092E-01    5.6519908E-01
     1.5871102E+02    4.3476383E-01    5.6523617E-01
     1.6387254E+02    4.3460956E-01    5.6539044E-01
     1.6920191E+02    4.3436319E-01    5.6563681E-01
     1.7470460E+02    4.3399410E-01    5.6600590E-01
     1.8038624E+02    4.3422571E-01    5.6577429E-01
     1.8625266E+02    4.3503122E-01    5.6496878E-01
     1.9230987E+02    4.3563204E-01    5.6436796E-01
     1.9856406E+02    4.3587656E-01    5.6412344E-01
     2.0502165E+02    4.3578336E-01    5.6421664E-01
     2.1168925E+02    4.3531716E-01    5.6468284E-01
     2.1857369E+02    4.3469790E-01    5.6530210E-01
     2.2568202E+02    4.3459531E-01    5.6540469E-01
     2.3302153E+02    4.3504702E-01    5.6495298E-01
     2.4059973E+02    4.3561815E-01    5.6438185E-01
     2.4842438E+02    4.3582788E-01    5.6417212E-01
     2.5650349E+02    4.3567076E-01    5.6432924E-01
     2.6484536E+02    4.3518924E-01    5.6481076E-01
     2.7345851E+02    4.3487003E-01    5.6512997E-01
     2.8235178E+02    4.3478551E-01    5.6521449E-01
     2.9153426E+02    4.3493929E-01    5.6506071E-01
     3.0101538E+02    4.3513355E-01    5.6486645E-01
     3.1080483E+02    4.3501911E-01    5.6498089E-01
     3.2091265E+02    4.3472460E-01    5.6527540E-01
     3.3134920E+02    4.3443798E-01    5.6556202E-01
     3.4212515E+02    4.3418639E-01    5.6581361E-01
     3.5325155E+02    4.3415373E-01    5.6584627E-01
     3.6473980E+02    4.3421695E-01    5.6578305E-01
     3.7660167E+02    4.3409117E-01    5.6590883E-01
     3.8884930E+02    4.3375074E-01    5.6624926E-01
     4.0149524E+02    4.3334132E-01    5.6665868E-01
     4.1455244E+02    4.3303968E-01    5.6696032E-01
     4.2803428E+02    4.3292854E-01    5.6707146E-01
     4.4195458E+02    4.3293239E-01    5.6706761E-01
     4.5632758E+02    4.3272150E-01    5.6727850E-01
     4.7116801E+02    4.3229344E-01    5.6770656E-01
     4.8649107E+02    4.3192127E-01    5.6807873E-01
     5.0231246E+02    4.3157086E-01    5.6842914E-01
     5.1864839E+02    4.3132755E-01    5.6867245E-01
     5.3551558E+02    4.3133123E-01    5.6866877E-01
     5.5293132E+02    4.3112756E-01    5.6887244E-01
     5.7091345E+02    4.3075353E-01    5.6924647E-01
     5.8948037E+02    4.3032971E-01    5.6967029E-01
     6.0865113E+02    4.2976656E-01    5.7023344E-01
     6.2844534E+02    4.2937899E-01    5.7062101E-01
     6.4888329E+02    4.2932903E-01    5.7067097E-01
     6.6998591E+02    3.8037419E-01    6.1962581E-01
     6.9177482E+02    3.4227010E-01    6.5772990E-01
     7.1427233E+02    3.2441994E-01    6.7558006E-01
     7.3750150E+02    3.0337201E-01    6.9662799E-01
     7.6148611E+02    2.8699815E-01    7.1300185E-01
     7.8625074E+02    2.6248543E-01    7.3751457E-01
     8.1182074E+02    2.3312465E-01    7.6687535E-01
     8.3822232E+02    1.9943875E-01    8.0056125E-01
     8.6548252E+02    1.5514064E-01    8.4485936E-01
     8.9362926E+02    9.9015544E-02    9.0098446E-01
     9.2269138E+02    3.0217242E-02    9.6978276E-01
     9.5269863E+02    1.2463167E-03    9.9875368E-01
     9.8368176E+02    1.0675556E-04    9.9989324E-01
     1.0156725E+03    2.3464317E-11    1.0000000E+00
     1.0487036E+03    1.7871924E-18    1.0000000E+00
     1.0828090E+03    7.7764566E-29    1.0000000E+00
     1.1180235E+03    3.6659174E-71    1.0000000E+00
     1.1543833E+03   2.4925795E-110    1.0000000E+00
     1.1919255E+03   2.9669785E-255    1.0000000E+00
     1.2306886E+03   2.4387742E-292    1.0000000E+00
     1.2707124E+03   2.6883923E-292    1.0000000E+00
     1.3120378E+03   2.7352546E-292    1.0000000E+00
     1.3547071E+03   2.3957484E-292    1.0000000E+00
     1.3987642E+03   2.1362033E-292    1.0000000E+00
     1.4442540E+03    0.0000000E+00    1.0000000E+00
     1.4912232E+03    0.0000000E+00    1.0000000E+00
     1.5397199E+03    0.0000000E+00    1.0000000E+00
     1.5897938E+03    0.0000000E+00    1.0000000E+00
     1.6414962E+03    0.0000000E+00    1.0000000E+00
     1.6948801E+03    0.0000000E+00    1.0000000E+00
     1.7500000E+03             -NaN             -NaN
