;~            T_BB       A_MEAN_SIL      A_MEAN_CARB
     3.0000000E+00    9.3352246E-02    1.3777477E-01
     3.0975643E+00    9.3348523E-02    1.3777128E-01
     3.1983016E+00    9.3348535E-02    1.3777038E-01
     3.3023150E+00    9.3350161E-02    1.3777192E-01
     3.4097110E+00    9.3352299E-02    1.3777569E-01
     3.5205997E+00    9.3354889E-02    1.3777603E-01
     3.6350947E+00    9.3357812E-02    1.3777073E-01
     3.7533132E+00    9.3360848E-02    1.3776276E-01
     3.8753764E+00    9.3363425E-02    1.3775258E-01
     4.0014092E+00    9.3362804E-02    1.3774356E-01
     4.1315408E+00    9.3354887E-02    1.3773513E-01
     4.2659045E+00    9.3347346E-02    1.3773094E-01
     4.4046379E+00    9.3344650E-02    1.3773138E-01
     4.5478830E+00    9.3345297E-02    1.3773615E-01
     4.6957867E+00    9.3346880E-02    1.3774560E-01
     4.8485005E+00    9.3349312E-02    1.3774921E-01
     5.0061807E+00    9.3352493E-02    1.3773134E-01
     5.1689890E+00    9.3356257E-02    1.3771071E-01
     5.3370919E+00    9.3360143E-02    1.3768969E-01
     5.5106619E+00    9.3362557E-02    1.3767312E-01
     5.6898765E+00    9.3357765E-02    1.3766341E-01
     5.8749195E+00    9.3349334E-02    1.3766017E-01
     6.0659804E+00    9.3344327E-02    1.3766726E-01
     6.2632548E+00    9.3342821E-02    1.3768187E-01
     6.4669449E+00    9.3342882E-02    1.3770863E-01
     6.6772593E+00    9.3343988E-02    1.3772902E-01
     6.8944134E+00    9.3346031E-02    1.3769635E-01
     7.1186296E+00    9.3348912E-02    1.3764895E-01
     7.3501377E+00    9.3352450E-02    1.3760504E-01
     7.5891748E+00    9.3355972E-02    1.3757403E-01
     7.8359857E+00    9.3356605E-02    1.3755560E-01
     8.0908233E+00    9.3352127E-02    1.3755108E-01
     8.3539485E+00    9.3348109E-02    1.3756649E-01
     8.6256310E+00    9.3345602E-02    1.3759647E-01
     8.9061489E+00    9.3344234E-02    1.3764609E-01
     9.1957897E+00    9.3343618E-02    1.3768546E-01
     9.4948501E+00    9.3343736E-02    1.3762316E-01
     9.8036363E+00    9.3344559E-02    1.3754502E-01
     1.0122465E+01    9.3346043E-02    1.3747234E-01
     1.0451662E+01    9.3348080E-02    1.3741934E-01
     1.0791565E+01    9.3350253E-02    1.3739008E-01
     1.1142522E+01    9.3351296E-02    1.3738411E-01
     1.1504893E+01    9.3352076E-02    1.3740902E-01
     1.1879049E+01    9.3351574E-02    1.3745926E-01
     1.2265373E+01    9.3349915E-02    1.3753609E-01
     1.2664260E+01    9.3348171E-02    1.3753634E-01
     1.3076120E+01    9.3346523E-02    1.3742136E-01
     1.3501375E+01    9.3345080E-02    1.3731765E-01
     1.3940459E+01    9.3343915E-02    1.3722307E-01
     1.4393823E+01    9.3343161E-02    1.3715199E-01
     1.4861930E+01    9.3343245E-02    1.3712499E-01
     1.5345262E+01    9.3345746E-02    1.3712655E-01
     1.5844312E+01    9.3351355E-02    1.3717140E-01
     1.6359592E+01    9.3354664E-02    1.3724351E-01
     1.6891629E+01    9.3351829E-02    1.3726709E-01
     1.7440969E+01    9.3346033E-02    1.3713787E-01
     1.8008175E+01    9.3339979E-02    1.3698480E-01
     1.8593827E+01    9.3333916E-02    1.3686556E-01
     1.9198525E+01    9.3328301E-02    1.3677136E-01
     1.9822888E+01    9.3323624E-02    1.3671759E-01
     2.0467557E+01    9.3320870E-02    1.3670856E-01
     2.1133192E+01    9.3323328E-02    1.3674226E-01
     2.1820474E+01    9.3338795E-02    1.3679954E-01
     2.2530107E+01    9.3357623E-02    1.3672342E-01
     2.3262819E+01    9.3357719E-02    1.3655406E-01
     2.4019359E+01    9.3343211E-02    1.3638005E-01
     2.4800503E+01    9.3326719E-02    1.3625628E-01
     2.5607051E+01    9.3309865E-02    1.3615915E-01
     2.6439830E+01    9.3293515E-02    1.3610043E-01
     2.7299691E+01    9.3279163E-02    1.3609158E-01
     2.8187516E+01    9.3268488E-02    1.3612243E-01
     2.9104215E+01    9.3267374E-02    1.3602536E-01
     3.0050726E+01    9.3296849E-02    1.3585555E-01
     3.1028019E+01    9.3357572E-02    1.3568776E-01
     3.2037095E+01    9.3385287E-02    1.3553758E-01
     3.3078987E+01    9.3375438E-02    1.3544196E-01
     3.4154764E+01    9.3352943E-02    1.3537613E-01
     3.5265526E+01    9.3327293E-02    1.3533770E-01
     3.6412412E+01    9.3299707E-02    1.3530987E-01
     3.7596596E+01    9.3271695E-02    1.3518564E-01
     3.8819291E+01    9.3245660E-02    1.3503978E-01
     4.0081751E+01    9.3229358E-02    1.3491610E-01
     4.1385267E+01    9.3255330E-02    1.3480938E-01
     4.2731176E+01    9.3357768E-02    1.3472984E-01
     4.4120855E+01    9.3418964E-02    1.3467552E-01
     4.5555729E+01    9.3427568E-02    1.3462802E-01
     4.7037267E+01    9.3416352E-02    1.3457370E-01
     4.8566987E+01    9.3395640E-02    1.3451146E-01
     5.0146455E+01    9.3366933E-02    1.3445359E-01
     5.1777290E+01    9.3331861E-02    1.3440240E-01
     5.3461162E+01    9.3293363E-02    1.3435096E-01
     5.5199797E+01    9.3261816E-02    1.3429602E-01
     5.6994974E+01    9.3280390E-02    1.3424856E-01
     5.8848532E+01    9.3378657E-02    1.3425914E-01
     6.0762371E+01    9.3428394E-02    1.3430314E-01
     6.2738451E+01    9.3435491E-02    1.3435015E-01
     6.4778796E+01    9.3429289E-02    1.3438102E-01
     6.6885496E+01    9.3411435E-02    1.3439080E-01
     6.9060709E+01    9.3383403E-02    1.3437708E-01
     7.1306663E+01    9.3347884E-02    1.3432363E-01
     7.3625658E+01    9.3310486E-02    1.3435072E-01
     7.6020071E+01    9.3287328E-02    1.3447732E-01
     7.8492353E+01    9.3335250E-02    1.3461834E-01
     8.1045038E+01    9.3381651E-02    1.3473971E-01
     8.3680739E+01    9.3379420E-02    1.3482966E-01
     8.6402158E+01    9.3362907E-02    1.3488027E-01
     8.9212080E+01    9.3338261E-02    1.3489056E-01
     9.2113386E+01    9.3310063E-02    1.3486305E-01
     9.5109046E+01    9.3281642E-02    1.3494199E-01
     9.8202130E+01    9.3257724E-02    1.3511914E-01
     1.0139580E+02    9.3251703E-02    1.3529135E-01
     1.0469334E+02    9.3304216E-02    1.3544263E-01
     1.0809812E+02    9.3354993E-02    1.3558209E-01
     1.1161363E+02    9.3339977E-02    1.3565035E-01
     1.1524346E+02    9.3312732E-02    1.3569673E-01
     1.1899135E+02    9.3280799E-02    1.3570139E-01
     1.2286112E+02    9.3249609E-02    1.3575157E-01
     1.2685674E+02    9.3224094E-02    1.3588506E-01
     1.3098230E+02    9.3210799E-02    1.3604769E-01
     1.3524204E+02    9.3231962E-02    1.3619498E-01
     1.3964030E+02    9.3284331E-02    1.3632022E-01
     1.4418161E+02    9.3334326E-02    1.3643337E-01
     1.4887060E+02    9.3336463E-02    1.3649707E-01
     1.5371209E+02    9.3330199E-02    1.3653959E-01
     1.5871102E+02    9.3317155E-02    1.3655332E-01
     1.6387254E+02    9.3303747E-02    1.3661823E-01
     1.6920191E+02    9.3296556E-02    1.3671684E-01
     1.7470460E+02    9.3306540E-02    1.3683729E-01
     1.8038624E+02    9.3243793E-02    1.3693876E-01
     1.8625266E+02    9.3278340E-02    1.3703151E-01
     1.9230987E+02    9.3348279E-02    1.3710774E-01
     1.9856406E+02    9.3396065E-02    1.3717121E-01
     2.0502165E+02    9.3430466E-02    1.3720499E-01
     2.1168925E+02    9.3456869E-02    1.3722617E-01
     2.1857369E+02    9.3457563E-02    1.3726214E-01
     2.2568202E+02    9.3308339E-02    1.3732519E-01
     2.3302153E+02    9.3199213E-02    1.3739387E-01
     2.4059973E+02    9.3329352E-02    1.3746560E-01
     2.4842438E+02    9.3451369E-02    1.3752013E-01
     2.5650349E+02    9.3541484E-02    1.3757262E-01
     2.6484536E+02    9.3592449E-02    1.3761446E-01
     2.7345851E+02    9.3485880E-02    1.3764651E-01
     2.8235178E+02    9.3299796E-02    1.3766579E-01
     2.9153426E+02    9.3286878E-02    1.3768090E-01
     3.0101538E+02    9.3447672E-02    1.3770668E-01
     3.1080483E+02    9.3566755E-02    1.3774068E-01
     3.2091265E+02    9.3602881E-02    1.3777251E-01
     3.3134920E+02    9.3528430E-02    1.3780141E-01
     3.4212515E+02    9.3413324E-02    1.3782760E-01
     3.5325155E+02    9.3393825E-02    1.3784728E-01
     3.6473980E+02    9.3489495E-02    1.3785814E-01
     3.7660167E+02    9.3538238E-02    1.3786013E-01
     3.8884930E+02    9.3558502E-02    1.3785296E-01
     4.0149524E+02    9.3543898E-02    1.3784080E-01
     4.1455244E+02    9.3502106E-02    1.3782488E-01
     4.2803428E+02    9.3480460E-02    1.3781599E-01
     4.4195458E+02    9.3431127E-02    1.3779777E-01
     4.5632758E+02    9.3439094E-02    1.3777782E-01
     4.7116801E+02    9.3511486E-02    1.3775509E-01
     4.8649107E+02    9.3565454E-02    1.3772118E-01
     5.0231246E+02    9.3537712E-02    1.3767053E-01
     5.1864839E+02    9.3407713E-02    1.3760518E-01
     5.3551558E+02    9.3272002E-02    1.3752467E-01
     5.5293132E+02    9.3290858E-02    1.3743298E-01
     5.7091345E+02    9.3435877E-02    1.3734612E-01
     5.8948037E+02    9.3542786E-02    1.3725314E-01
     6.0865113E+02    9.3473888E-02    1.3715715E-01
     6.2844534E+02    9.3301275E-02    1.3705205E-01
     6.4888329E+02    9.3156247E-02    1.3693890E-01
     6.6998591E+02    1.1057809E-01    1.3679760E-01
     6.9177482E+02    1.2802283E-01    1.3662504E-01
     7.1427233E+02    1.3571287E-01    1.3645233E-01
     7.3750150E+02    1.4465013E-01    1.3626056E-01
     7.6148611E+02    1.5140642E-01    1.3607533E-01
     7.8625074E+02    1.6184685E-01    1.3588741E-01
     8.1182074E+02    1.7454314E-01    1.3570629E-01
     8.3822232E+02    1.8894157E-01    1.3550556E-01
     8.6548252E+02    2.0762688E-01    1.3527543E-01
     8.9362926E+02    2.3111241E-01    1.3502973E-01
     9.2269138E+02    2.6938041E-01    1.3475512E-01
     9.5269863E+02    3.1917126E-01    1.3447841E-01
     9.8368176E+02    3.5486331E-01    1.4860311E-01
     1.0156725E+03    4.4668360E-01    1.6365077E-01
     1.0487036E+03    5.0118723E-01    1.7400226E-01
     1.0828090E+03    5.6234133E-01    1.8467283E-01
     1.1180235E+03    7.0794578E-01    1.9439874E-01
     1.1543833E+03    7.9432823E-01    1.9922776E-01
     1.1919255E+03    1.0000000E+00    2.1190541E-01
     1.2306886E+03    5.0820499E+00    2.1724042E-01
     1.2707124E+03    5.2630408E+00    2.3334703E-01
     1.3120378E+03    5.4738924E+00    2.4133775E-01
     1.3547071E+03    5.9652366E+00    2.4143728E-01
     1.3987642E+03    6.9245072E+00    2.6203544E-01
     1.4442540E+03             -NaN    2.7065455E-01
     1.4912232E+03             -NaN    2.9600107E-01
     1.5397199E+03             -NaN    3.4051608E-01
     1.5897938E+03             -NaN    3.5389669E-01
     1.6414962E+03             -NaN    4.6410972E-01
     1.6948801E+03             -NaN    8.9226766E-01
     1.7500000E+03             -NaN             -NaN
