;+
;> _WAVE  = 'um'
;> _K_ABS = 'cm+2 g-1'
;-

;~            WAVE            K_ABS
;     1.0000000E-03    1.0000000E+00
     8.2135600E+00    5.4309900E+02
     8.3407600E+00    6.2759841E+02
     8.4513500E+00    7.2899972E+02
     8.5446300E+00    8.4453078E+02
     8.6011000E+00    9.4581200E+02
     8.6389500E+00    1.0582971E+03
     8.6769600E+00    1.1383800E+03
     8.7920100E+00    1.4723600E+03
     8.8501100E+00    1.7335550E+03
     8.9085900E+00    1.8774600E+03
     8.9477900E+00    2.0660431E+03
     8.9674600E+00    2.1605361E+03
     8.9871700E+00    2.3675000E+03
     9.0069200E+00    2.7258650E+03
     9.0465500E+00    3.0025219E+03
     9.0863600E+00    3.3854550E+03
     9.0863600E+00    3.3854550E+03
     9.1063300E+00    3.4734843E+03
     9.1263500E+00    3.6666270E+03
     9.1464000E+00    3.7550772E+03
     9.1665100E+00    3.8437600E+03
     9.1866500E+00    3.9317996E+03
     9.2068400E+00    4.0550128E+03
     9.3084600E+00    4.2750201E+03
     9.3699700E+00    4.2660498E+03
     9.4112100E+00    4.1388058E+03
     9.4318900E+00    3.9919850E+03
     9.4526200E+00    3.6513650E+03
     9.4942100E+00    3.1761600E+03
     9.5150800E+00    2.7050600E+03
     9.5569500E+00    2.3571000E+03
     9.5990100E+00    2.0826450E+03
     9.6201000E+00    1.9472150E+03
     9.6412500E+00    1.8310366E+03
     9.6624400E+00    1.6963150E+03
     9.7262800E+00    1.8737000E+03
     9.7476600E+00    2.1561650E+03
     9.7905600E+00    2.5213933E+03
     9.8336400E+00    2.8982512E+03
     9.8769100E+00    2.9751724E+03
     9.9421800E+00    2.7456500E+03
     9.9640300E+00    2.3941000E+03
     9.9859300E+00    2.2721896E+03
     1.0007900E+01    2.1923275E+03
     1.0051900E+01    2.1797867E+03
     1.0096100E+01    2.3120351E+03
     1.0140600E+01    2.5298040E+03
     1.0162900E+01    2.7186950E+03
     1.0230000E+01    3.0912200E+03
     1.0252500E+01    3.2035466E+03
     1.0275000E+01    3.3170673E+03
     1.0297600E+01    3.5019450E+03
     1.0342900E+01    3.5907312E+03
     1.0480100E+01    3.6550777E+03
     1.0549300E+01    3.8065800E+03
     1.0572500E+01    4.0772700E+03
     1.0595700E+01    4.2575530E+03
     1.0619000E+01    4.4039050E+03
     1.0689200E+01    4.6148543E+03
     1.0736200E+01    4.4820586E+03
     1.0759800E+01    4.2741437E+03
     1.0807200E+01    3.9261650E+03
     1.0830900E+01    3.7603219E+03
     1.0854700E+01    3.5819650E+03
     1.0902500E+01    3.1708850E+03
     1.0950500E+01    2.8568700E+03
     1.0950500E+01    2.8568700E+03
     1.0974500E+01    2.6898800E+03
     1.1047100E+01    2.7937550E+03
     1.1071300E+01    2.8858075E+03
     1.1120100E+01    2.9347661E+03
     1.1169000E+01    2.8565200E+03
     1.1218100E+01    2.4715446E+03
     1.1267500E+01    2.2713284E+03
     1.1292300E+01    2.1481500E+03
     1.1317100E+01    2.0435731E+03
     1.1342000E+01    1.9603600E+03
     1.1442000E+01    1.9980959E+03
     1.1492400E+01    2.1471350E+03
     1.1517600E+01    2.4258944E+03
     1.1542900E+01    2.6300000E+03
     1.1593700E+01    2.9581800E+03
     1.1619200E+01    3.1122843E+03
     1.1644700E+01    3.2546300E+03
     1.1696000E+01    3.3059700E+03
     1.1773300E+01    3.0011550E+03
     1.1825100E+01    2.5566600E+03
     1.1851100E+01    2.3045600E+03
     1.1903200E+01    1.9379372E+03
     1.1955600E+01    1.6419904E+03
     1.1981900E+01    1.4677600E+03
     1.2034600E+01    1.2482350E+03
     1.2087600E+01    1.1027252E+03
     1.2167400E+01    9.4009302E+02
     1.2221000E+01    8.2775371E+02
     1.2328800E+01    6.9684772E+02
     1.2464800E+01    5.6508688E+02
     1.2657900E+01    4.8859633E+02
     1.2882200E+01    4.1060157E+02
     1.3168100E+01    3.6553350E+02
     1.3372000E+01    4.4423071E+02
     1.3460400E+01    5.2654850E+02
     1.3549300E+01    5.5722259E+02
     1.3698900E+01    6.7692993E+02
     1.3759200E+01    7.4019423E+02
     1.3850100E+01    7.1620764E+02
     1.3911000E+01    5.8727150E+02
     1.3941600E+01    5.5453439E+02
     1.3972200E+01    4.7520750E+02
     1.4033700E+01    4.5018066E+02
     1.4064600E+01    4.2386700E+02
     1.4126500E+01    4.2517571E+02
     1.4251100E+01    4.9397250E+02
     1.4376800E+01    6.4117750E+02
     1.4599400E+01    6.1501307E+02
     1.4793000E+01    5.5472752E+02
     1.4890700E+01    4.8720029E+02
     1.5088200E+01    5.8568230E+02
     1.5187900E+01    7.8342700E+02
     1.5288200E+01    9.5153400E+02
     1.5389300E+01    1.0694700E+03
     1.5559100E+01    9.7480250E+02
     1.5627600E+01    7.9280950E+02
     1.5730900E+01    6.4056339E+02
     1.5904500E+01    5.3712600E+02
     1.6221900E+01    5.6049450E+02
     1.6473100E+01    6.4865444E+02
     1.6691500E+01    7.4584395E+02
     1.6950000E+01    1.0005635E+03
     1.7099500E+01    1.2446407E+03
     1.7174700E+01    1.3611942E+03
     1.7212500E+01    1.4628000E+03
     1.7250300E+01    1.5689562E+03
     1.7402500E+01    1.9809850E+03
     1.7440700E+01    2.1327950E+03
     1.7479100E+01    2.2349695E+03
     1.7517500E+01    2.3381550E+03
     1.7556000E+01    2.4735900E+03
     1.7749700E+01    2.5273200E+03
     1.7945700E+01    2.5833597E+03
     1.8143700E+01    2.6458142E+03
     1.8223600E+01    2.7736726E+03
     1.8303800E+01    2.8751100E+03
     1.8465200E+01    2.9813202E+03
     1.8587200E+01    2.9351873E+03
     1.8710000E+01    2.8355375E+03
     1.8833700E+01    2.8774556E+03
     1.8916600E+01    3.1270300E+03
     1.8958100E+01    3.3419500E+03
     1.8999800E+01    3.4431615E+03
     1.9041600E+01    3.5672700E+03
     1.9083400E+01    3.6894619E+03
     1.9125400E+01    3.8345500E+03
     1.9209500E+01    3.9803850E+03
     1.9251700E+01    4.0907663E+03
     1.9294000E+01    4.2021250E+03
     1.9421500E+01    4.4426300E+03
     1.9507000E+01    4.5178014E+03
     1.9679100E+01    4.4196738E+03
     1.9722300E+01    4.3312580E+03
     1.9765700E+01    4.2429707E+03
     1.9809100E+01    4.1409100E+03
     1.9852600E+01    4.0296464E+03
     1.9940000E+01    3.7673650E+03
     1.9983800E+01    3.6612450E+03
     2.0071800E+01    3.4371450E+03
     2.0115900E+01    3.3017150E+03
     2.0160100E+01    3.1744700E+03
     2.0204400E+01    2.9958850E+03
     2.0248800E+01    2.8844244E+03
     2.0337900E+01    2.6626504E+03
     2.0472300E+01    2.5220209E+03
     2.0607600E+01    2.6505476E+03
     2.0652900E+01    2.7105669E+03
     2.0880800E+01    2.3275800E+03
     2.0926700E+01    2.1385900E+03
     2.1018800E+01    2.0311609E+03
     2.1111300E+01    1.8960500E+03
     2.1344300E+01    1.9056100E+03
     2.1438200E+01    2.0758283E+03
     2.1485300E+01    2.1800194E+03
     2.1532600E+01    2.2779600E+03
     2.1674800E+01    2.4153093E+03
     2.1914100E+01    2.3598400E+03
     2.2010500E+01    2.2163950E+03
     2.2107400E+01    2.1819466E+03
     2.2204700E+01    2.0734211E+03
     2.2351400E+01    1.9251864E+03
     2.2747400E+01    1.8108694E+03
     2.2847500E+01    1.8862506E+03
     2.3049000E+01    2.0720750E+03
     2.3303400E+01    1.9875596E+03
     2.3509000E+01    1.9165317E+03
     2.3716300E+01    1.8352470E+03
     2.3820700E+01    1.7149050E+03
     2.3925500E+01    1.5630950E+03
     2.4030800E+01    1.4583886E+03
     2.4189600E+01    1.4080463E+03
     2.4296000E+01    1.4609400E+03
     2.4402900E+01    1.5695950E+03
     2.4672300E+01    1.6176834E+03
     2.4726500E+01    1.5285489E+03
     2.5054400E+01    1.2336012E+03
     2.5330900E+01    1.2470350E+03
     2.5723200E+01    1.3526707E+03
     2.5893200E+01    1.4681102E+03
     2.6064300E+01    1.6618556E+03
     2.6236500E+01    1.8296573E+03
     2.6467900E+01    1.9771650E+03
     2.6818900E+01    1.8456868E+03
     2.6996100E+01    1.7220700E+03
     2.7174500E+01    1.5822630E+03
     2.7414200E+01    1.5426849E+03
     2.7716800E+01    1.7217957E+03
     2.7961200E+01    1.8508600E+03
     2.8207800E+01    1.9559300E+03
     2.8394200E+01    1.8546096E+03
     2.8519200E+01    1.7505700E+03
     2.8834000E+01    1.6862600E+03
     2.8960900E+01    1.6673250E+03
     2.9538800E+01    1.4114754E+03
     2.9668800E+01    1.3047114E+03
     2.9864800E+01    1.1757751E+03
     2.9996200E+01    1.0608239E+03
     3.0327300E+01    9.2381709E+02
     3.0662000E+01    9.8831200E+02
     3.0932500E+01    9.9015750E+02
     3.1342600E+01    8.6012292E+02
     3.1549700E+01    7.6540032E+02
     3.1758200E+01    6.7797322E+02
     3.2038300E+01    5.9592130E+02
     3.2463200E+01    5.7798816E+02
     3.2677700E+01    6.4100150E+02
     3.2893600E+01    7.2153966E+02
     3.2965900E+01    7.8356516E+02
     3.3256700E+01    7.6005850E+02
     3.3329800E+01    7.3659696E+02
     3.3623700E+01    7.6917664E+02
     3.3771700E+01    8.1378850E+02
     3.3920300E+01    8.3424666E+02
     3.4069600E+01    7.9886728E+02
     3.4144400E+01    7.7422000E+02
     3.4294700E+01    7.2203107E+02
     3.4521300E+01    6.8654400E+02
     3.4597200E+01    7.0427783E+02
     3.4825800E+01    7.0382633E+02
     3.4979100E+01    7.8082294E+02
     3.5133000E+01    8.5798396E+02
     3.5520800E+01    8.9875244E+02
     3.6309200E+01    7.8376223E+02
     3.6629500E+01    6.7717545E+02
     3.7278500E+01    4.8464230E+02
     3.7855800E+01    3.8902499E+02
     3.8442000E+01    3.4746992E+02
     3.9037400E+01    3.0259650E+02
     3.9729000E+01    3.4813850E+02
     4.0167500E+01    5.3252200E+02
     4.0344300E+01    6.5976650E+02
     4.0433000E+01    7.5453326E+02
     4.0969100E+01    8.8894928E+02
     4.1149400E+01    7.9196600E+02
     4.1512300E+01    6.5243362E+02
     4.1695000E+01    6.1426022E+02
     4.2340700E+01    7.0529844E+02
     4.2714200E+01    9.1233789E+02
     4.2808000E+01    1.0022274E+03
     4.3090900E+01    1.0834853E+03
     4.3471000E+01    1.0485199E+03
     4.3854400E+01    9.4018850E+02
     4.4435900E+01    8.2827098E+02
     4.4729500E+01    8.5711617E+02
     4.4926400E+01    8.9874382E+02
     4.5124100E+01    8.8001431E+02
     4.5322600E+01    7.9641051E+02
     4.5522100E+01    7.1589368E+02
     4.5822900E+01    6.3774695E+02
     4.6024500E+01    5.5810500E+02
     4.6532500E+01    4.5358233E+02
     4.7046100E+01    3.8169231E+02
     4.7565400E+01    3.4024794E+02
     4.9482700E+01    3.1564556E+02
     5.0470100E+01    2.5429218E+02
     5.1477200E+01    3.2090356E+02
     5.5588600E+01    1.5269642E+02
     5.6573600E+01    1.4460805E+02
     5.7575900E+01    1.3452626E+02
     5.8339400E+01    1.2503055E+02
     5.9503500E+01    1.2503055E+02
     6.0690900E+01    1.1014885E+02
     6.1902000E+01    1.0166205E+02
     6.3694200E+01    9.9758023E+01
     6.4822700E+01    1.0046705E+02
     6.5108000E+01    1.0046705E+02
     6.5394500E+01    1.3543200E+02
     6.5971300E+01    1.8438300E+02
     6.6699400E+01    1.3159875E+02
     6.7583800E+01    9.4669000E+01
     6.8932500E+01    1.3746023E+02
     7.0000000E+01    1.0984955E+02
     7.1396900E+01    1.0781212E+02
     7.2661900E+01    1.4068805E+02
     7.4274700E+01    8.4235675E+01
