; MEMO: check Higdon    (2006)
;       check Stierwalt (2014)
;       new list TDS    (2022) inc. v=1
;
;~     NAME    WAVE0  MASK  DOUBLE
;
H2-0-0S(0)   28.221      0       0
H2-0-0S(1)   17.035      0       0
H2-0-0S(2)   12.279      0       0
H2-0-0S(3)    9.6649     0       0
H2-0-0S(4)    8.0258     0       0
H2-0-0S(5)    6.9091     0       0
H2-0-0S(6)    6.1088     0       0
H2-0-0S(7)    5.5115     0       0
H2-0-0S(8)    5.0529     0       0
H2-0-0S(9)    4.6947     0       0
H2-0-0S(10)   4.4096     0       0
H2-0-0S(11)   4.1810     0       0
H2-0-0S(12)   3.9947     0       0
H2-0-0S(13)   3.8464     0       0
H2-0-0S(14)   3.724      0       0
H2-0-0S(15)   3.625      0       0
H2-0-0S(16)   3.547      0       0
H2-0-0S(17)   3.485      0       0
H2-0-0S(18)   3.438      1       0
H2-0-0S(19)   3.404      1       0
H2-0-0S(20)   3.380      1       0
H2-0-0S(21)   3.369      1       0
H2-0-0S(22)   3.366      1       0
H2-0-0S(23)   3.372      1       0
; First vibrational level	       
H2-1-0S(0)    2.2235     0       0
H2-1-0S(1)    2.1218     0       0
H2-1-0S(2)    2.0338     0       0
H2-1-0S(3)    1.9576     0       0
H2-1-0S(4)    1.8920     0       0
H2-1-0S(5)    1.8358     0       0
H2-1-0S(6)    1.7880     0       0
H2-1-0S(7)    1.7480     1       0
H2-1-0S(8)    1.7147     1       0
H2-1-0S(9)    1.6877     1       0
H2-1-0S(10)   1.6665     1       0
H2-1-0S(11)   1.6504     1       0

H2-1-0Q(1)    2.4066     0       0
H2-1-0Q(2)    2.4134     0       0
H2-1-0Q(3)    2.4237     0       0
H2-1-0Q(4)    2.4375     0       0
H2-1-0Q(5)    2.4548     0       0
H2-1-0Q(6)    2.4756     0       0
H2-1-0Q(7)    2.5001     0       0

H2-1-0O(2)    2.6269     0       1
H2-1-0O(3)    2.8025     0       1
H2-1-0O(4)    3.0039     0       1
H2-1-0O(5)    3.2350     0       1
H2-1-0O(6)    3.5007     0       1
H2-1-0O(7)    3.8075     0       1
H2-1-0O(8)    4.1625     0       1

H2-2-1S(0)    2.3556     0       0
H2-2-1S(1)    2.2477     0       0
H2-2-1S(2)    2.1542     0       0
H2-2-1S(3)    2.0735     0       0
H2-2-1S(4)    2.0041     0       0
H2-2-1S(5)    1.9449     0       0

H2-2-1O(2)    2.7862     0       1
H2-2-1O(3)    2.9741     0       1
H2-2-1O(4)    3.1899     0       1
H2-2-1O(5)    3.4379     0       1
H2-2-1O(6)    3.7236     0       1
H2-2-1O(7)    4.0540     0       1

H2-3-2S(0)    2.5014     0       0
H2-3-2S(1)    2.3864     0       0
H2-3-2S(2)    2.2870     0       0
H2-3-2S(3)    2.2014     0       0
H2-3-2S(4)    2.1280     0       0
H2-3-2S(5)    2.0656     0       0
H2-3-2S(6)    2.0130     0       0
H2-3-2S(7)    1.9692     0       0

H2-3-2O(2)    2.9620     0       0
H2-3-2O(3)    3.1637     0       0
H2-3-2O(4)    3.3958     0       0
H2-3-2O(5)    3.6630     0       0
H2-3-2O(6)    3.9721     0       0

H2-4-3S(3)    2.3446     1       0
H2-4-3S(4)    2.2668     1       0
H2-4-3S(5)    2.201      1       0

H2-5-4S(5)    2.3555     1       0
H2-5-4S(7)    2.2510     1       0

;   H2-1-0_S(1)   2.121834E+00     0
;   H2-3–2_S(3)   2.201390E+00     0
;   H2-2–1_S(1)   2.247716E+00     0      
;   H2-0-0_S(15)  3.626166E+00     0
;   H2-0-0_S(14)  3.724426E+00     0
;   H2-0-0_S(13)  3.846113E+00     0
;   H2-0-0_S(12)  3.996147E+00     0
;   H2-0-0_S(11)  4.181077E+00     0
;   H2-0-0_S(10)  4.409791E+00     0
;   H2-0-0_S(9)   4.694614E+00     0
;   H2-0-0_S(8)   5.053030E+00     0
;   H2-0-0_S(7)   5.511160E+00     0
;   H2-0-0_S(6)   6.108560E+00     0
;   H2-0-0_S(5)   6.909520E+00     0
;   H2-0-0_S(4)   8.025050E+00     0
;   H2-0-0_S(3)   9.664910E+00     0
;   H2-0-0_S(2)   1.227861E+01     0
;   H2-0-0_S(1)   1.703483E+01     0
;   H2-0-0_S(0)   2.821883E+01     0

;   H2-S(8)  5.053030E+00     0
;   H2-S(7)  5.511160E+00     0
;   H2-S(6)  6.108560E+00     0
;   H2-S(5)  6.909520E+00     0
;   H2-S(4)  8.025050E+00     0
;   H2-S(3)  9.664910E+00     0
;   H2-S(2)  1.227861E+01     0
;   H2-S(1)  1.703483E+01     0
;   H2-S(0)  2.821883E+01     0

; New lines to possibly add 28/03/2021 LF
; 0.16189E+00 CO63
; 1.62646E+00 OH20
; 1.95756E+00 H2103
; 2.03376E+00 H2102
; 2.04065E+00 H320
; 2.09326E+00 H320b
; 2.12183E+00 H2101
