;+
;> _TIME = '[yr]'
;> _WAVE = '[A]'
;> _FLUX = 'log(F / [erg s-1 A-1])'
;> Source = 'Starburst99 v5.0; 1E6 M_sun burst; standard input params'
;-

;~     TIME           WAVE          FLUX     STELLAR     NEBULAR
 .98010E+08          91.00     -15.00000   -15.00000   -15.00000
 .98010E+08          94.00     -15.00000   -15.00000   -15.00000
 .98010E+08          96.00     -15.00000   -15.00000   -15.00000
 .98010E+08          98.00     -15.00000   -15.00000   -15.00000
 .98010E+08         100.00     -15.00000   -15.00000   -15.00000
 .98010E+08         102.00     -15.00000   -15.00000   -15.00000
 .98010E+08         104.00     -15.00000   -15.00000   -15.00000
 .98010E+08         106.00     -15.00000   -15.00000   -15.00000
 .98010E+08         108.00     -15.00000   -15.00000   -15.00000
 .98010E+08         110.00     -15.00000   -15.00000   -15.00000
 .98010E+08         114.00     -15.00000   -15.00000   -15.00000
 .98010E+08         118.00     -15.00000   -15.00000   -15.00000
 .98010E+08         121.00     -15.00000   -15.00000   -15.00000
 .98010E+08         125.00     -15.00000   -15.00000   -15.00000
 .98010E+08         127.00     -15.00000   -15.00000   -15.00000
 .98010E+08         128.00     -15.00000   -15.00000   -15.00000
 .98010E+08         131.00     -15.00000   -15.00000   -15.00000
 .98010E+08         132.00     -15.00000   -15.00000   -15.00000
 .98010E+08         134.00     -15.00000   -15.00000   -15.00000
 .98010E+08         137.00     -15.00000   -15.00000   -15.00000
 .98010E+08         140.00     -15.00000   -15.00000   -15.00000
 .98010E+08         143.00     -15.00000   -15.00000   -15.00000
 .98010E+08         147.00     -15.00000   -15.00000   -15.00000
 .98010E+08         151.00     -15.00000   -15.00000   -15.00000
 .98010E+08         155.00     -15.00000   -15.00000   -15.00000
 .98010E+08         159.00     -15.00000   -15.00000   -15.00000
 .98010E+08         162.00     -15.00000   -15.00000   -15.00000
 .98010E+08         166.00     -15.00000   -15.00000   -15.00000
 .98010E+08         170.00     -15.00000   -15.00000   -15.00000
 .98010E+08         173.00     -15.00000   -15.00000   -15.00000
 .98010E+08         177.00     -15.00000   -15.00000   -15.00000
 .98010E+08         180.00     -15.00000   -15.00000   -15.00000
 .98010E+08         182.00     -15.00000   -15.00000   -15.00000
 .98010E+08         186.00     -15.00000   -15.00000   -15.00000
 .98010E+08         191.00     -15.00000   -15.00000   -15.00000
 .98010E+08         194.00     -15.00000   -15.00000   -15.00000
 .98010E+08         198.00     -15.00000   -15.00000   -15.00000
 .98010E+08         202.00     -15.00000   -15.00000   -15.00000
 .98010E+08         205.00     -15.00000   -15.00000   -15.00000
 .98010E+08         210.00     -15.00000   -15.00000   -15.00000
 .98010E+08         216.00     -15.00000   -15.00000   -15.00000
 .98010E+08         220.00     -15.00000   -15.00000   -15.00000
 .98010E+08         223.00     -15.00000   -15.00000   -15.00000
 .98010E+08         227.00     -15.00000   -15.00000   -15.00000
 .98010E+08         230.00      11.18053    11.18053   -15.00000
 .98010E+08         234.00      11.63692    11.63692   -15.00000
 .98010E+08         240.00      12.29601    12.29601   -15.00000
 .98010E+08         246.00      12.97887    12.97887   -15.00000
 .98010E+08         252.00      13.56941    13.56941   -15.00000
 .98010E+08         257.00      13.99242    13.99242   -15.00000
 .98010E+08         260.00      14.29412    14.29412   -15.00000
 .98010E+08         264.00      14.66124    14.66124   -15.00000
 .98010E+08         269.00      15.05848    15.05848   -15.00000
 .98010E+08         274.00      15.48703    15.48703   -15.00000
 .98010E+08         279.00      15.90416    15.90416   -15.00000
 .98010E+08         284.00      16.34804    16.34804   -15.00000
 .98010E+08         290.00      16.81251    16.81251   -15.00000
 .98010E+08         296.00      17.25767    17.25767   -15.00000
 .98010E+08         301.00      17.61804    17.61804   -15.00000
 .98010E+08         308.00      18.10385    18.10385   -15.00000
 .98010E+08         318.00      18.76303    18.76303   -15.00000
 .98010E+08         328.00      19.38470    19.38470   -15.00000
 .98010E+08         338.00      19.97120    19.97120   -15.00000
 .98010E+08         348.00      20.52649    20.52649   -15.00000
 .98010E+08         357.00      21.00565    21.00565   -15.00000
 .98010E+08         366.00      21.45764    21.45764   -15.00000
 .98010E+08         375.00      21.88685    21.88685   -15.00000
 .98010E+08         385.00      22.34232    22.34232   -15.00000
 .98010E+08         395.00      22.77443    22.77443   -15.00000
 .98010E+08         405.00      23.18623    23.18623   -15.00000
 .98010E+08         414.00      23.54014    23.54014   -15.00000
 .98010E+08         422.00      23.84161    23.84161   -15.00000
 .98010E+08         430.00      24.13042    24.13042   -15.00000
 .98010E+08         441.00      24.51484    24.51484   -15.00000
 .98010E+08         451.00      24.84627    24.84627   -15.00000
 .98010E+08         460.00      25.13189    25.13189   -15.00000
 .98010E+08         470.00      25.43652    25.43652   -15.00000
 .98010E+08         480.00      25.72815    25.72815   -15.00000
 .98010E+08         490.00      26.00804    26.00804   -15.00000
 .98010E+08         500.00      26.27616    26.27616   -15.00000
 .98010E+08         506.00      27.98698    27.98698   -15.00000
 .98010E+08         512.00      28.37538    28.37538   -15.00000
 .98010E+08         520.00      28.52916    28.52916   -15.00000
 .98010E+08         530.00      28.72099    28.72099   -15.00000
 .98010E+08         540.00      28.86955    28.86955   -15.00000
 .98010E+08         550.00      29.07713    29.07713   -15.00000
 .98010E+08         560.00      29.23920    29.23920   -15.00000
 .98010E+08         570.00      29.40289    29.40289   -15.00000
 .98010E+08         580.00      29.52198    29.52198   -15.00000
 .98010E+08         590.00      29.70602    29.70602   -15.00000
 .98010E+08         600.00      29.84962    29.84962   -15.00000
 .98010E+08         610.00      29.99489    29.99489   -15.00000
 .98010E+08         620.00      30.11974    30.11974   -15.00000
 .98010E+08         630.00      30.25126    30.25126   -15.00000
 .98010E+08         640.00      30.36468    30.36468   -15.00000
 .98010E+08         650.00      30.48907    30.48907   -15.00000
 .98010E+08         658.00      30.58415    30.58415   -15.00000
 .98010E+08         665.00      30.65683    30.65683   -15.00000
 .98010E+08         675.00      30.76353    30.76353   -15.00000
 .98010E+08         685.00      30.87337    30.87337   -15.00000
 .98010E+08         695.00      30.98188    30.98188   -15.00000
 .98010E+08         705.00      31.08046    31.08046   -15.00000
 .98010E+08         716.00      31.18505    31.18505   -15.00000
 .98010E+08         726.00      31.28197    31.28197   -15.00000
 .98010E+08         735.00      31.36068    31.36068   -15.00000
 .98010E+08         745.00      31.45447    31.45447   -15.00000
 .98010E+08         755.00      31.54252    31.54252   -15.00000
 .98010E+08         765.00      31.62603    31.62603   -15.00000
 .98010E+08         775.00      31.71232    31.71232   -15.00000
 .98010E+08         785.00      31.79398    31.79398   -15.00000
 .98010E+08         795.00      31.86751    31.86751   -15.00000
 .98010E+08         805.00      31.94541    31.94541   -15.00000
 .98010E+08         815.00      32.01733    32.01733   -15.00000
 .98010E+08         825.00      32.09079    32.09079   -15.00000
 .98010E+08         835.00      32.15443    32.15443   -15.00000
 .98010E+08         845.00      32.22839    32.22839   -15.00000
 .98010E+08         855.00      32.29542    32.29542   -15.00000
 .98010E+08         865.00      32.36299    32.36299   -15.00000
 .98010E+08         875.00      32.42637    32.42637   -15.00000
 .98010E+08         885.00      32.49352    32.49352   -15.00000
 .98010E+08         895.00      32.55363    32.55363   -15.00000
 .98010E+08         905.00      32.60419    32.60419   -15.00000
 .98010E+08         915.00      33.56944    33.56944    28.35089
 .98010E+08         925.00      34.25040    34.25040    29.12378
 .98010E+08         935.00      34.48954    34.48953    29.38654
 .98010E+08         945.00      35.09900    35.09900    29.54909
 .98010E+08         955.00      35.87891    35.87891    29.66709
 .98010E+08         965.00      36.07065    36.07065    29.75979
 .98010E+08         975.00      35.37606    35.37605    29.83614
 .98010E+08         985.00      36.42379    36.42379    29.90105
 .98010E+08         995.00      36.43483    36.43483    29.95751
 .98010E+08        1005.00      36.61645    36.61645    30.00747
 .98010E+08        1015.00      36.46813    36.46813    30.05227
 .98010E+08        1025.00      35.20444    35.20444    30.09287
 .98010E+08        1035.00      36.10630    36.10630    30.13000
 .98010E+08        1045.00      36.73146    36.73146    30.16421
 .98010E+08        1055.00      36.82665    36.82665    30.19592
 .98010E+08        1065.00      36.74073    36.74073    30.22547
 .98010E+08        1075.00      36.82771    36.82771    30.25313
 .98010E+08        1085.00      36.70181    36.70181    30.27914
 .98010E+08        1095.00      36.83516    36.83516    30.30368
 .98010E+08        1105.00      36.95023    36.95023    30.32691
 .98010E+08        1115.00      36.95210    36.95210    30.34895
 .98010E+08        1125.00      36.97535    36.97535    30.36994
 .98010E+08        1135.00      37.03438    37.03438    30.38995
 .98010E+08        1145.00      36.98807    36.98807    30.40908
 .98010E+08        1155.00      37.04269    37.04269    30.42741
 .98010E+08        1165.00      37.08528    37.08528    30.44499
 .98010E+08        1175.00      37.03291    37.03291    30.46189
 .98010E+08        1185.00      37.02032    37.02032    30.47816
 .98010E+08        1195.00      36.39840    36.39840    30.49383
 .98010E+08        1205.00      36.43597    36.43597    30.50897
 .98010E+08        1215.00      35.41220    35.41220    30.52359
 .98010E+08        1225.00      36.34357    36.34357    30.53773
 .98010E+08        1235.00      37.00394    37.00394    30.55144
 .98010E+08        1245.00      37.14960    37.14960    30.56472
 .98010E+08        1255.00      37.12910    37.12910    30.57760
 .98010E+08        1265.00      36.91405    36.91405    30.59012
 .98010E+08        1275.00      37.20823    37.20823    30.60228
 .98010E+08        1285.00      37.25661    37.25661    30.61412
 .98010E+08        1295.00      37.16136    37.16136    30.62564
 .98010E+08        1305.00      37.09565    37.09565    30.63392
 .98010E+08        1315.00      37.22279    37.22279    30.63915
 .98010E+08        1325.00      37.22257    37.22257    30.64431
 .98010E+08        1335.00      37.14223    37.14223    30.64942
 .98010E+08        1345.00      37.25780    37.25780    30.65446
 .98010E+08        1355.00      37.23421    37.23421    30.65945
 .98010E+08        1365.00      37.16927    37.16927    30.66438
 .98010E+08        1375.00      37.22459    37.22459    30.66925
 .98010E+08        1385.00      37.23640    37.23640    30.67408
 .98010E+08        1395.00      37.23645    37.23645    30.67884
 .98010E+08        1405.00      37.23802    37.23802    30.68356
 .98010E+08        1415.00      37.19622    37.19622    30.68822
 .98010E+08        1425.00      37.21778    37.21778    30.69284
 .98010E+08        1435.00      37.19022    37.19022    30.69741
 .98010E+08        1442.00      37.22774    37.22774    30.70058
 .98010E+08        1447.00      37.24800    37.24800    30.70283
 .98010E+08        1455.00      37.23207    37.23207    30.70640
 .98010E+08        1465.00      37.19648    37.19648    30.71083
 .98010E+08        1475.00      37.17527    37.17527    30.71521
 .98010E+08        1485.00      37.19242    37.19242    30.71955
 .98010E+08        1495.00      37.20991    37.20991    30.72385
 .98010E+08        1505.00      37.19631    37.19631    30.72403
 .98010E+08        1512.00      37.15166    37.15166    30.72129
 .98010E+08        1517.00      37.18987    37.18987    30.71932
 .98010E+08        1525.00      37.14140    37.14140    30.71615
 .98010E+08        1535.00      37.08888    37.08888    30.71215
 .98010E+08        1545.00      37.16855    37.16855    30.70812
 .98010E+08        1555.00      37.12603    37.12603    30.70405
 .98010E+08        1565.00      37.10666    37.10666    30.69994
 .98010E+08        1575.00      37.11939    37.11939    30.69579
 .98010E+08        1585.00      37.15258    37.15258    30.69160
 .98010E+08        1595.00      37.16463    37.16463    30.68737
 .98010E+08        1605.00      37.13752    37.13752    30.68310
 .98010E+08        1615.00      37.14221    37.14221    30.67878
 .98010E+08        1625.00      37.10624    37.10624    30.67443
 .98010E+08        1635.00      37.12406    37.12406    30.67002
 .98010E+08        1645.00      37.13145    37.13145    30.66558
 .98010E+08        1655.00      37.07669    37.07669    30.66109
 .98010E+08        1665.00      37.12270    37.12270    30.65655
 .98010E+08        1672.00      37.04694    37.04694    30.65334
 .98010E+08        1677.00      37.10559    37.10559    30.65104
 .98010E+08        1685.00      37.14100    37.14100    30.64732
 .98010E+08        1695.00      37.11331    37.11331    30.64264
 .98010E+08        1705.00      37.08414    37.08414    30.63790
 .98010E+08        1715.00      37.05386    37.05386    30.63311
 .98010E+08        1725.00      37.04832    37.04832    30.62827
 .98010E+08        1735.00      37.07302    37.07302    30.62337
 .98010E+08        1745.00      37.06559    37.06559    30.61842
 .98010E+08        1755.00      37.10249    37.10249    30.61340
 .98010E+08        1765.00      37.04511    37.04511    30.60833
 .98010E+08        1775.00      37.07529    37.07529    30.60321
 .98010E+08        1785.00      37.07927    37.07927    30.59801
 .98010E+08        1795.00      37.10590    37.10590    30.59276
 .98010E+08        1805.00      37.09425    37.09425    30.58858
 .98010E+08        1815.00      37.07253    37.07253    30.58552
 .98010E+08        1825.00      37.06749    37.06749    30.58243
 .98010E+08        1835.00      37.04856    37.04856    30.57932
 .98010E+08        1845.00      37.01571    37.01570    30.57618
 .98010E+08        1855.00      37.01244    37.01244    30.57302
 .98010E+08        1865.00      37.02028    37.02028    30.56984
 .98010E+08        1875.00      37.05847    37.05847    30.56664
 .98010E+08        1885.00      37.02973    37.02973    30.56341
 .98010E+08        1895.00      37.01395    37.01395    30.56016
 .98010E+08        1905.00      37.02739    37.02739    30.55688
 .98010E+08        1915.00      37.01727    37.01727    30.55358
 .98010E+08        1925.00      37.01357    37.01357    30.55025
 .98010E+08        1935.00      37.02251    37.02251    30.54690
 .98010E+08        1945.00      37.03008    37.03008    30.54352
 .98010E+08        1955.00      37.00772    37.00772    30.54012
 .98010E+08        1967.00      37.03893    37.03893    30.53600
 .98010E+08        1976.00      37.04670    37.04670    30.53288
 .98010E+08        1984.00      37.02357    37.02357    30.53009
 .98010E+08        1995.00      37.00268    37.00268    30.52622
 .98010E+08        2005.00      37.01363    37.01363    30.52268
 .98010E+08        2015.00      36.98918    36.98918    30.51911
 .98010E+08        2025.00      37.01324    37.01324    30.51550
 .98010E+08        2035.00      36.99127    36.99127    30.51187
 .98010E+08        2045.00      37.00456    37.00456    30.50821
 .98010E+08        2055.00      36.98195    36.98195    30.50451
 .98010E+08        2065.00      36.98388    36.98388    30.50079
 .98010E+08        2074.00      37.00041    37.00041    30.49741
 .98010E+08        2078.00      36.99150    36.99150    30.49589
 .98010E+08        2085.00      36.99870    36.99870    30.49324
 .98010E+08        2095.00      36.97392    36.97392    30.48941
 .98010E+08        2105.00      36.97252    36.97252    30.48555
 .98010E+08        2115.00      36.97264    36.97264    30.48166
 .98010E+08        2125.00      36.97695    36.97695    30.47773
 .98010E+08        2135.00      36.93286    36.93286    30.47377
 .98010E+08        2145.00      36.95707    36.95707    30.46976
 .98010E+08        2155.00      36.96780    36.96780    30.46573
 .98010E+08        2165.00      36.94653    36.94653    30.46165
 .98010E+08        2175.00      36.93855    36.93855    30.45753
 .98010E+08        2185.00      36.92822    36.92822    30.45338
 .98010E+08        2195.00      36.95105    36.95105    30.44919
 .98010E+08        2205.00      36.93210    36.93210    30.44675
 .98010E+08        2215.00      36.90691    36.90691    30.44611
 .98010E+08        2225.00      36.88500    36.88500    30.44547
 .98010E+08        2235.00      36.92258    36.92258    30.44483
 .98010E+08        2245.00      36.88480    36.88480    30.44419
 .98010E+08        2255.00      36.87261    36.87261    30.44354
 .98010E+08        2265.00      36.88102    36.88102    30.44289
 .98010E+08        2275.00      36.89718    36.89718    30.44225
 .98010E+08        2285.00      36.90561    36.90561    30.44160
 .98010E+08        2295.00      36.88546    36.88546    30.44095
 .98010E+08        2305.00      36.86722    36.86722    30.44030
 .98010E+08        2315.00      36.84531    36.84531    30.43965
 .98010E+08        2325.00      36.74466    36.74466    30.43900
 .98010E+08        2335.00      36.81799    36.81799    30.43835
 .98010E+08        2345.00      36.79902    36.79902    30.43769
 .98010E+08        2355.00      36.83204    36.83204    30.43704
 .98010E+08        2365.00      36.79069    36.79069    30.43638
 .98010E+08        2375.00      36.80336    36.80336    30.43573
 .98010E+08        2385.00      36.76601    36.76601    30.43507
 .98010E+08        2395.00      36.80503    36.80503    30.43441
 .98010E+08        2405.00      36.77856    36.77856    30.43375
 .98010E+08        2415.00      36.78788    36.78788    30.43309
 .98010E+08        2425.00      36.80804    36.80804    30.43243
 .98010E+08        2435.00      36.78483    36.78483    30.43177
 .98010E+08        2445.00      36.81544    36.81544    30.43111
 .98010E+08        2455.00      36.79761    36.79760    30.43044
 .98010E+08        2465.00      36.79993    36.79993    30.42978
 .98010E+08        2475.00      36.77855    36.77855    30.42911
 .98010E+08        2485.00      36.80627    36.80627    30.42844
 .98010E+08        2495.00      36.79196    36.79196    30.42777
 .98010E+08        2505.00      36.82096    36.82096    30.42710
 .98010E+08        2513.00      36.78045    36.78045    30.42657
 .98010E+08        2518.00      36.79486    36.79486    30.42623
 .98010E+08        2525.00      36.76604    36.76604    30.42576
 .98010E+08        2535.00      36.76973    36.76973    30.42509
 .98010E+08        2545.00      36.75848    36.75848    30.42442
 .98010E+08        2555.00      36.78173    36.78173    30.42374
 .98010E+08        2565.00      36.77404    36.77404    30.42307
 .98010E+08        2575.00      36.80126    36.80126    30.42239
 .98010E+08        2585.00      36.79516    36.79516    30.42171
 .98010E+08        2595.00      36.79270    36.79270    30.42103
 .98010E+08        2605.00      36.77213    36.77213    30.42035
 .98010E+08        2615.00      36.76908    36.76908    30.41967
 .98010E+08        2625.00      36.78110    36.78110    30.41899
 .98010E+08        2635.00      36.78377    36.78377    30.41830
 .98010E+08        2645.00      36.81153    36.81153    30.41762
 .98010E+08        2655.00      36.80634    36.80634    30.41693
 .98010E+08        2665.00      36.77637    36.77637    30.41625
 .98010E+08        2675.00      36.79273    36.79273    30.41556
 .98010E+08        2685.00      36.78563    36.78563    30.41487
 .98010E+08        2695.00      36.77265    36.77265    30.41418
 .98010E+08        2705.00      36.78119    36.78119    30.41349
 .98010E+08        2715.00      36.76032    36.76032    30.41280
 .98010E+08        2725.00      36.76145    36.76145    30.41211
 .98010E+08        2735.00      36.78221    36.78221    30.41141
 .98010E+08        2745.00      36.73041    36.73041    30.41072
 .98010E+08        2755.00      36.72943    36.72943    30.41002
 .98010E+08        2765.00      36.74240    36.74240    30.40932
 .98010E+08        2775.00      36.75873    36.75873    30.40862
 .98010E+08        2785.00      36.75410    36.75410    30.40792
 .98010E+08        2795.00      36.67172    36.67172    30.40722
 .98010E+08        2805.00      36.70403    36.70403    30.40652
 .98010E+08        2815.00      36.75833    36.75833    30.40582
 .98010E+08        2825.00      36.75900    36.75900    30.40511
 .98010E+08        2835.00      36.74062    36.74062    30.40441
 .98010E+08        2845.00      36.72555    36.72555    30.40370
 .98010E+08        2855.00      36.72516    36.72515    30.40299
 .98010E+08        2865.00      36.74242    36.74242    30.40414
 .98010E+08        2875.00      36.73293    36.73293    30.40529
 .98010E+08        2885.00      36.73705    36.73705    30.40643
 .98010E+08        2895.00      36.73084    36.73084    30.40757
 .98010E+08        2910.00      36.75277    36.75277    30.40928
 .98010E+08        2930.00      36.73748    36.73748    30.41154
 .98010E+08        2950.00      36.73152    36.73152    30.41379
 .98010E+08        2970.00      36.73009    36.73009    30.41603
 .98010E+08        2990.00      36.72698    36.72698    30.41825
 .98010E+08        3010.00      36.73170    36.73170    30.42047
 .98010E+08        3030.00      36.72592    36.72592    30.42267
 .98010E+08        3050.00      36.71928    36.71928    30.42487
 .98010E+08        3070.00      36.71268    36.71268    30.42705
 .98010E+08        3090.00      36.71364    36.71364    30.42922
 .98010E+08        3110.00      36.70365    36.70365    30.43138
 .98010E+08        3130.00      36.69827    36.69827    30.43353
 .98010E+08        3150.00      36.69639    36.69639    30.43567
 .98010E+08        3170.00      36.69064    36.69064    30.43780
 .98010E+08        3190.00      36.67388    36.67388    30.43992
 .98010E+08        3210.00      36.67957    36.67957    30.44202
 .98010E+08        3230.00      36.66957    36.66957    30.44412
 .98010E+08        3250.00      36.67118    36.67118    30.44621
 .98010E+08        3270.00      36.67229    36.67229    30.44829
 .98010E+08        3290.00      36.66749    36.66749    30.45036
 .98010E+08        3310.00      36.66470    36.66470    30.45242
 .98010E+08        3330.00      36.65763    36.65763    30.45446
 .98010E+08        3350.00      36.64945    36.64945    30.45704
 .98010E+08        3370.00      36.64131    36.64131    30.45962
 .98010E+08        3390.00      36.63729    36.63729    30.46219
 .98010E+08        3410.00      36.63739    36.63739    30.46474
 .98010E+08        3430.00      36.63342    36.63342    30.43570
 .98010E+08        3450.00      36.63058    36.63058    30.43820
 .98010E+08        3470.00      36.62412    36.62412    30.44068
 .98010E+08        3490.00      36.62167    36.62167    30.44316
 .98010E+08        3510.00      36.62190    36.62190    30.44561
 .98010E+08        3530.00      36.61527    36.61527    30.44806
 .98010E+08        3550.00      36.61510    36.61510    30.45049
 .98010E+08        3570.00      36.60030    36.60030    30.45290
 .98010E+08        3590.00      36.59556    36.59556    30.45530
 .98010E+08        3610.00      36.59666    36.59666    30.45769
 .98010E+08        3630.00      36.59417    36.59417    30.46007
 .98010E+08        3640.00      36.59343    36.59343    30.46125
 .98010E+08        3650.00      36.59871    36.59871    29.79723
 .98010E+08        3670.00      36.58815    36.58815    29.79533
 .98010E+08        3690.00      36.55692    36.55692    29.79342
 .98010E+08        3710.00      36.59332    36.59332    29.79149
 .98010E+08        3730.00      36.59414    36.59414    29.78956
 .98010E+08        3750.00      36.67345    36.67345    29.78763
 .98010E+08        3770.00      36.68652    36.68652    29.78568
 .98010E+08        3790.00      36.74347    36.74347    29.78372
 .98010E+08        3810.00      36.78609    36.78609    29.78176
 .98010E+08        3830.00      36.69798    36.69798    29.77978
 .98010E+08        3850.00      36.79991    36.79991    29.77780
 .98010E+08        3870.00      36.82884    36.82884    29.77581
 .98010E+08        3890.00      36.66557    36.66557    29.77381
 .98010E+08        3910.00      36.82795    36.82795    29.77180
 .98010E+08        3930.00      36.80377    36.80377    29.76978
 .98010E+08        3950.00      36.81129    36.81129    29.76775
 .98010E+08        3970.00      36.62143    36.62143    29.76571
 .98010E+08        3990.00      36.80896    36.80896    29.76366
 .98010E+08        4010.00      36.83073    36.83073    29.76160
 .98010E+08        4030.00      36.82305    36.82305    29.75953
 .98010E+08        4050.00      36.82229    36.82229    29.75746
 .98010E+08        4070.00      36.80792    36.80792    29.75537
 .98010E+08        4090.00      36.75578    36.75578    29.75327
 .98010E+08        4110.00      36.67266    36.67266    29.75116
 .98010E+08        4130.00      36.78558    36.78558    29.74905
 .98010E+08        4150.00      36.79482    36.79482    29.74692
 .98010E+08        4170.00      36.79007    36.79007    29.74478
 .98010E+08        4190.00      36.78570    36.78570    29.74263
 .98010E+08        4210.00      36.78216    36.78216    29.74047
 .98010E+08        4230.00      36.77508    36.77508    29.73830
 .98010E+08        4250.00      36.77128    36.77128    29.73611
 .98010E+08        4270.00      36.75980    36.75980    29.73392
 .98010E+08        4290.00      36.75371    36.75371    29.73172
 .98010E+08        4310.00      36.73228    36.73228    29.72950
 .98010E+08        4330.00      36.67939    36.67939    29.72727
 .98010E+08        4350.00      36.62853    36.62853    29.72504
 .98010E+08        4370.00      36.73841    36.73841    29.72279
 .98010E+08        4390.00      36.73026    36.73026    29.72052
 .98010E+08        4410.00      36.73312    36.73312    29.71825
 .98010E+08        4430.00      36.73040    36.73040    29.71597
 .98010E+08        4450.00      36.72900    36.72900    29.71367
 .98010E+08        4470.00      36.72312    36.72312    29.71136
 .98010E+08        4490.00      36.72058    36.72058    29.70903
 .98010E+08        4510.00      36.72940    36.72940    29.70670
 .98010E+08        4530.00      36.71354    36.71354    29.70435
 .98010E+08        4550.00      36.70821    36.70821    29.70199
 .98010E+08        4570.00      36.71497    36.71497    29.69962
 .98010E+08        4590.00      36.70308    36.70308    29.69724
 .98010E+08        4610.00      36.70457    36.70457    29.69484
 .98010E+08        4630.00      36.69360    36.69360    29.69242
 .98010E+08        4650.00      36.69397    36.69397    29.69000
 .98010E+08        4670.00      36.69160    36.69160    29.68756
 .98010E+08        4690.00      36.68450    36.68450    29.68510
 .98010E+08        4710.00      36.67234    36.67234    29.68264
 .98010E+08        4730.00      36.67731    36.67731    29.68016
 .98010E+08        4750.00      36.67640    36.67640    29.67766
 .98010E+08        4770.00      36.67357    36.67357    29.67515
 .98010E+08        4790.00      36.66779    36.66779    29.67262
 .98010E+08        4810.00      36.65967    36.65967    29.67009
 .98010E+08        4830.00      36.65340    36.65340    29.66753
 .98010E+08        4850.00      36.59328    36.59328    29.66496
 .98010E+08        4870.00      36.52715    36.52715    29.66238
 .98010E+08        4890.00      36.63355    36.63355    29.65978
 .98010E+08        4910.00      36.63705    36.63705    29.65716
 .98010E+08        4930.00      36.62873    36.62873    29.65453
 .98010E+08        4950.00      36.63553    36.63553    29.65188
 .98010E+08        4970.00      36.63010    36.63009    29.64922
 .98010E+08        4990.00      36.61620    36.61620    29.64654
 .98010E+08        5010.00      36.60198    36.60198    29.64384
 .98010E+08        5030.00      36.60774    36.60774    29.64112
 .98010E+08        5050.00      36.60042    36.60042    29.63839
 .98010E+08        5070.00      36.60644    36.60644    29.63565
 .98010E+08        5090.00      36.59515    36.59515    29.63288
 .98010E+08        5110.00      36.59305    36.59305    29.63010
 .98010E+08        5130.00      36.58458    36.58458    29.62730
 .98010E+08        5150.00      36.57619    36.57619    29.62448
 .98010E+08        5170.00      36.56757    36.56757    29.62164
 .98010E+08        5190.00      36.56790    36.56790    29.61878
 .98010E+08        5210.00      36.56768    36.56768    29.61591
 .98010E+08        5230.00      36.56851    36.56851    29.61301
 .98010E+08        5250.00      36.57027    36.57027    29.61010
 .98010E+08        5270.00      36.55015    36.55015    29.60716
 .98010E+08        5290.00      36.56512    36.56512    29.60421
 .98010E+08        5310.00      36.56599    36.56599    29.60123
 .98010E+08        5330.00      36.54903    36.54903    29.59824
 .98010E+08        5350.00      36.55791    36.55791    29.59522
 .98010E+08        5370.00      36.55473    36.55473    29.59219
 .98010E+08        5390.00      36.54641    36.54641    29.58913
 .98010E+08        5410.00      36.53985    36.53985    29.58605
 .98010E+08        5430.00      36.53885    36.53885    29.58295
 .98010E+08        5450.00      36.54292    36.54292    29.57982
 .98010E+08        5470.00      36.53349    36.53349    29.57668
 .98010E+08        5490.00      36.53103    36.53103    29.57351
 .98010E+08        5510.00      36.52593    36.52593    29.57031
 .98010E+08        5530.00      36.52669    36.52669    29.56710
 .98010E+08        5550.00      36.52557    36.52557    29.56386
 .98010E+08        5570.00      36.52001    36.52001    29.56059
 .98010E+08        5590.00      36.51304    36.51304    29.55730
 .98010E+08        5610.00      36.51668    36.51668    29.55399
 .98010E+08        5630.00      36.51079    36.51079    29.55065
 .98010E+08        5650.00      36.50784    36.50784    29.54728
 .98010E+08        5670.00      36.50062    36.50062    29.54389
 .98010E+08        5690.00      36.50335    36.50335    29.54047
 .98010E+08        5710.00      36.49441    36.49441    29.53832
 .98010E+08        5730.00      36.50504    36.50504    29.53747
 .98010E+08        5750.00      36.49432    36.49432    29.53662
 .98010E+08        5770.00      36.49419    36.49419    29.53576
 .98010E+08        5790.00      36.48337    36.48337    29.53490
 .98010E+08        5810.00      36.48763    36.48763    29.53404
 .98010E+08        5830.00      36.48989    36.48989    29.53318
 .98010E+08        5850.00      36.48164    36.48164    29.53232
 .98010E+08        5870.00      36.47683    36.47683    29.53145
 .98010E+08        5890.00      36.46279    36.46279    29.53059
 .98010E+08        5910.00      36.47119    36.47119    29.52972
 .98010E+08        5930.00      36.46898    36.46898    29.52885
 .98010E+08        5950.00      36.46478    36.46478    29.52798
 .98010E+08        5970.00      36.46600    36.46600    29.52710
 .98010E+08        5990.00      36.45830    36.45830    29.52623
 .98010E+08        6010.00      36.45341    36.45341    29.52535
 .98010E+08        6030.00      36.45503    36.45503    29.52447
 .98010E+08        6050.00      36.45518    36.45518    29.52359
 .98010E+08        6070.00      36.45202    36.45202    29.52271
 .98010E+08        6090.00      36.44123    36.44123    29.52182
 .98010E+08        6110.00      36.43877    36.43877    29.52094
 .98010E+08        6130.00      36.42690    36.42690    29.52005
 .98010E+08        6150.00      36.42685    36.42685    29.51916
 .98010E+08        6170.00      36.42005    36.42005    29.51827
 .98010E+08        6190.00      36.42778    36.42778    29.51737
 .98010E+08        6210.00      36.42396    36.42396    29.51648
 .98010E+08        6230.00      36.41422    36.41422    29.51558
 .98010E+08        6250.00      36.40266    36.40266    29.51468
 .98010E+08        6270.00      36.41183    36.41183    29.51378
 .98010E+08        6290.00      36.41227    36.41227    29.51288
 .98010E+08        6310.00      36.40301    36.40301    29.51197
 .98010E+08        6330.00      36.40401    36.40401    29.51107
 .98010E+08        6350.00      36.39849    36.39849    29.51016
 .98010E+08        6370.00      36.39527    36.39527    29.50925
 .98010E+08        6390.00      36.39796    36.39796    29.50834
 .98010E+08        6410.00      36.39115    36.39115    29.50742
 .98010E+08        6430.00      36.39072    36.39072    29.50651
 .98010E+08        6450.00      36.38683    36.38683    29.50559
 .98010E+08        6470.00      36.38477    36.38477    29.50467
 .98010E+08        6490.00      36.37592    36.37592    29.50375
 .98010E+08        6510.00      36.37913    36.37913    29.50282
 .98010E+08        6530.00      36.37374    36.37374    29.50190
 .98010E+08        6550.00      36.34718    36.34718    29.50097
 .98010E+08        6570.00      36.29347    36.29347    29.50004
 .98010E+08        6590.00      36.36058    36.36058    29.49911
 .98010E+08        6610.00      36.36604    36.36604    29.49817
 .98010E+08        6630.00      36.36403    36.36403    29.49724
 .98010E+08        6650.00      36.36219    36.36219    29.49630
 .98010E+08        6670.00      36.35522    36.35522    29.49536
 .98010E+08        6690.00      36.35795    36.35795    29.49442
 .98010E+08        6710.00      36.34811    36.34811    29.49347
 .98010E+08        6730.00      36.35217    36.35217    29.49253
 .98010E+08        6750.00      36.34578    36.34578    29.49158
 .98010E+08        6770.00      36.34507    36.34507    29.49063
 .98010E+08        6790.00      36.33995    36.33995    29.48968
 .98010E+08        6810.00      36.33845    36.33845    29.48872
 .98010E+08        6830.00      36.33794    36.33794    29.48777
 .98010E+08        6850.00      36.32965    36.32965    29.48681
 .98010E+08        6870.00      36.33110    36.33110    29.48585
 .98010E+08        6890.00      36.33198    36.33198    29.48488
 .98010E+08        6910.00      36.32767    36.32767    29.48392
 .98010E+08        6930.00      36.32302    36.32302    29.48295
 .98010E+08        6950.00      36.31878    36.31878    29.48198
 .98010E+08        6970.00      36.31879    36.31879    29.48101
 .98010E+08        6990.00      36.31493    36.31493    29.48004
 .98010E+08        7010.00      36.30612    36.30612    29.47903
 .98010E+08        7030.00      36.30927    36.30927    29.47799
 .98010E+08        7050.00      36.30956    36.30956    29.47695
 .98010E+08        7070.00      36.30223    36.30223    29.47591
 .98010E+08        7090.00      36.29726    36.29726    29.47486
 .98010E+08        7110.00      36.29015    36.29015    29.47382
 .98010E+08        7130.00      36.28462    36.28462    29.47276
 .98010E+08        7150.00      36.28298    36.28298    29.47171
 .98010E+08        7170.00      36.28288    36.28288    29.47065
 .98010E+08        7190.00      36.27382    36.27382    29.46959
 .98010E+08        7210.00      36.27798    36.27798    29.46853
 .98010E+08        7230.00      36.27860    36.27860    29.46747
 .98010E+08        7250.00      36.27782    36.27782    29.46640
 .98010E+08        7270.00      36.27541    36.27541    29.46533
 .98010E+08        7290.00      36.26704    36.26704    29.46426
 .98010E+08        7310.00      36.26963    36.26963    29.46319
 .98010E+08        7330.00      36.26859    36.26859    29.46211
 .98010E+08        7350.00      36.26659    36.26659    29.46103
 .98010E+08        7370.00      36.26949    36.26949    29.45995
 .98010E+08        7390.00      36.26184    36.26184    29.45886
 .98010E+08        7410.00      36.25717    36.25717    29.45778
 .98010E+08        7430.00      36.25867    36.25867    29.45668
 .98010E+08        7450.00      36.25823    36.25823    29.45559
 .98010E+08        7470.00      36.25698    36.25698    29.45449
 .98010E+08        7490.00      36.25354    36.25354    29.45340
 .98010E+08        7510.00      36.25443    36.25443    29.45230
 .98010E+08        7530.00      36.25482    36.25482    29.45119
 .98010E+08        7550.00      36.25443    36.25443    29.45008
 .98010E+08        7570.00      36.25026    36.25026    29.44897
 .98010E+08        7590.00      36.24666    36.24666    29.44786
 .98010E+08        7610.00      36.24410    36.24410    29.44674
 .98010E+08        7630.00      36.24180    36.24180    29.44563
 .98010E+08        7650.00      36.23886    36.23886    29.44450
 .98010E+08        7670.00      36.22823    36.22823    29.44338
 .98010E+08        7690.00      36.23301    36.23301    29.44225
 .98010E+08        7710.00      36.22599    36.22599    29.44112
 .98010E+08        7730.00      36.22478    36.22478    29.43999
 .98010E+08        7750.00      36.22114    36.22114    29.43885
 .98010E+08        7770.00      36.22044    36.22044    29.43771
 .98010E+08        7790.00      36.22300    36.22300    29.43657
 .98010E+08        7810.00      36.22044    36.22044    29.43542
 .98010E+08        7830.00      36.21600    36.21600    29.43428
 .98010E+08        7850.00      36.21033    36.21033    29.43312
 .98010E+08        7870.00      36.21177    36.21177    29.43197
 .98010E+08        7890.00      36.20309    36.20309    29.43081
 .98010E+08        7910.00      36.19614    36.19614    29.42965
 .98010E+08        7930.00      36.19498    36.19498    29.42849
 .98010E+08        7950.00      36.18923    36.18923    29.42732
 .98010E+08        7970.00      36.19736    36.19736    29.42615
 .98010E+08        7990.00      36.19452    36.19452    29.42498
 .98010E+08        8010.00      36.19359    36.19359    29.42380
 .98010E+08        8030.00      36.19154    36.19154    29.42262
 .98010E+08        8050.00      36.18864    36.18864    29.42144
 .98010E+08        8070.00      36.18629    36.18629    29.42025
 .98010E+08        8090.00      36.17867    36.17867    29.41907
 .98010E+08        8110.00      36.17802    36.17802    29.41787
 .98010E+08        8130.00      36.18052    36.18052    29.41668
 .98010E+08        8150.00      36.17845    36.17845    29.41548
 .98010E+08        8170.00      36.17793    36.17793    29.41428
 .98010E+08        8190.00      36.17008    36.17008    29.41307
 .98010E+08        8210.00      36.16761    36.16761    29.08035
 .98010E+08        8230.00      36.16899    36.16899    29.07970
 .98010E+08        8250.00      36.16898    36.16898    29.07904
 .98010E+08        8270.00      36.17178    36.17178    29.07839
 .98010E+08        8290.00      36.16734    36.16734    29.07774
 .98010E+08        8310.00      36.15575    36.15575    29.07708
 .98010E+08        8330.00      36.15383    36.15383    29.07643
 .98010E+08        8350.00      36.15195    36.15195    29.07577
 .98010E+08        8370.00      36.15160    36.15160    29.07511
 .98010E+08        8390.00      36.14086    36.14086    29.07445
 .98010E+08        8410.00      36.14667    36.14667    29.07379
 .98010E+08        8430.00      36.13514    36.13514    29.07313
 .98010E+08        8450.00      36.13383    36.13383    29.07247
 .98010E+08        8470.00      36.12857    36.12857    29.07181
 .98010E+08        8490.00      36.13824    36.13824    29.07114
 .98010E+08        8510.00      36.11218    36.11218    29.07048
 .98010E+08        8530.00      36.14030    36.14030    29.06981
 .98010E+08        8550.00      36.09930    36.09930    29.06915
 .98010E+08        8570.00      36.14567    36.14567    29.06848
 .98010E+08        8590.00      36.12416    36.12416    29.06781
 .98010E+08        8610.00      36.12057    36.12057    29.06714
 .98010E+08        8630.00      36.14568    36.14568    29.06647
 .98010E+08        8650.00      36.13785    36.13785    29.06579
 .98010E+08        8670.00      36.08458    36.08458    29.06512
 .98010E+08        8690.00      36.12895    36.12895    29.06445
 .98010E+08        8710.00      36.14163    36.14163    29.06377
 .98010E+08        8730.00      36.13461    36.13461    29.06309
 .98010E+08        8750.00      36.09615    36.09615    29.06242
 .98010E+08        8770.00      36.12722    36.12722    29.06174
 .98010E+08        8790.00      36.13723    36.13723    29.06106
 .98010E+08        8810.00      36.13072    36.13072    29.06038
 .98010E+08        8830.00      36.13024    36.13024    29.05970
 .98010E+08        8850.00      36.11642    36.11642    29.05901
 .98010E+08        8870.00      36.08527    36.08527    29.05833
 .98010E+08        8890.00      36.12384    36.12384    29.05764
 .98010E+08        8910.00      36.13183    36.13183    29.05696
 .98010E+08        8930.00      36.12364    36.12364    29.05627
 .98010E+08        8950.00      36.12304    36.12304    29.05558
 .98010E+08        8970.00      36.12131    36.12131    29.05489
 .98010E+08        8990.00      36.11470    36.11470    29.05420
 .98010E+08        9010.00      36.07235    36.07235    29.05351
 .98010E+08        9030.00      36.09319    36.09319    29.05282
 .98010E+08        9050.00      36.11818    36.11818    29.05212
 .98010E+08        9070.00      36.11459    36.11459    29.05143
 .98010E+08        9090.00      36.10370    36.10370    29.05073
 .98010E+08        9110.00      36.10708    36.10708    29.05004
 .98010E+08        9130.00      36.11262    36.11262    29.04934
 .98010E+08        9150.00      36.10894    36.10894    29.04864
 .98010E+08        9170.00      36.10603    36.10603    29.04794
 .98010E+08        9190.00      36.10593    36.10593    29.04724
 .98010E+08        9210.00      36.08645    36.08645    29.04653
 .98010E+08        9230.00      36.05283    36.05283    29.04583
 .98010E+08        9250.00      36.07772    36.07772    29.04512
 .98010E+08        9270.00      36.08718    36.08718    29.04442
 .98010E+08        9290.00      36.09003    36.09003    29.04371
 .98010E+08        9310.00      36.09266    36.09266    29.04300
 .98010E+08        9330.00      36.08947    36.08947    29.04229
 .98010E+08        9350.00      36.08776    36.08776    29.04158
 .98010E+08        9370.00      36.08150    36.08150    29.04087
 .98010E+08        9390.00      36.08356    36.08356    29.04016
 .98010E+08        9410.00      36.07116    36.07116    29.03944
 .98010E+08        9430.00      36.08033    36.08033    29.03873
 .98010E+08        9450.00      36.07249    36.07249    29.03801
 .98010E+08        9470.00      36.07718    36.07718    29.03729
 .98010E+08        9490.00      36.07577    36.07577    29.03657
 .98010E+08        9510.00      36.06915    36.06915    29.03585
 .98010E+08        9530.00      36.05762    36.05762    29.03513
 .98010E+08        9550.00      36.02197    36.02197    29.03441
 .98010E+08        9570.00      36.05157    36.05157    29.03369
 .98010E+08        9590.00      36.06487    36.06487    29.03296
 .98010E+08        9610.00      36.06007    36.06007    29.03223
 .98010E+08        9630.00      36.05748    36.05748    29.03151
 .98010E+08        9650.00      36.05334    36.05334    29.03078
 .98010E+08        9670.00      36.05067    36.05067    29.03005
 .98010E+08        9690.00      36.05502    36.05502    29.02932
 .98010E+08        9710.00      36.05177    36.05177    29.02858
 .98010E+08        9730.00      36.04870    36.04870    29.02785
 .98010E+08        9750.00      36.04489    36.04489    29.02711
 .98010E+08        9770.00      36.04494    36.04494    29.02638
 .98010E+08        9790.00      36.03888    36.03888    29.02564
 .98010E+08        9810.00      36.04536    36.04536    29.02490
 .98010E+08        9830.00      36.04102    36.04102    29.02416
 .98010E+08        9850.00      36.04168    36.04168    29.02342
 .98010E+08        9870.00      36.03778    36.03778    29.02268
 .98010E+08        9890.00      36.03570    36.03570    29.02194
 .98010E+08        9910.00      36.03363    36.03363    29.02119
 .98010E+08        9930.00      36.03323    36.03323    29.02045
 .98010E+08        9950.00      36.03154    36.03154    29.01970
 .98010E+08        9970.00      36.03038    36.03038    29.01895
 .98010E+08        9990.00      36.02697    36.02697    29.01820
 .98010E+08       10025.00      36.01212    36.01212    29.01688
 .98010E+08       10075.00      36.00003    36.00003    29.01500
 .98010E+08       10125.00      36.01199    36.01199    29.01310
 .98010E+08       10175.00      36.00619    36.00619    29.01120
 .98010E+08       10225.00      36.00385    36.00385    29.00929
 .98010E+08       10275.00      36.00127    36.00127    29.00737
 .98010E+08       10325.00      35.99197    35.99197    29.00544
 .98010E+08       10375.00      35.98686    35.98686    29.00350
 .98010E+08       10425.00      35.98508    35.98508    29.00156
 .98010E+08       10475.00      35.97822    35.97822    28.99960
 .98010E+08       10525.00      35.97578    35.97578    28.99764
 .98010E+08       10575.00      35.96959    35.96959    28.99566
 .98010E+08       10625.00      35.96518    35.96518    28.99368
 .98010E+08       10675.00      35.95470    35.95470    28.99169
 .98010E+08       10725.00      35.95310    35.95310    28.98969
 .98010E+08       10775.00      35.94746    35.94746    28.98769
 .98010E+08       10825.00      35.93968    35.93968    28.98567
 .98010E+08       10875.00      35.93575    35.93575    28.98364
 .98010E+08       10925.00      35.91784    35.91784    28.98160
 .98010E+08       10975.00      35.92211    35.92211    28.97956
 .98010E+08       11025.00      35.92701    35.92701    28.97750
 .98010E+08       11075.00      35.92371    35.92371    28.97543
 .98010E+08       11125.00      35.91863    35.91863    28.97336
 .98010E+08       11175.00      35.91262    35.91262    28.97127
 .98010E+08       11225.00      35.91018    35.91018    28.96917
 .98010E+08       11275.00      35.90071    35.90071    28.96707
 .98010E+08       11325.00      35.89714    35.89714    28.96495
 .98010E+08       11375.00      35.89329    35.89329    28.96283
 .98010E+08       11425.00      35.88673    35.88673    28.96069
 .98010E+08       11475.00      35.88884    35.88884    28.95854
 .98010E+08       11525.00      35.88485    35.88485    28.95638
 .98010E+08       11575.00      35.87749    35.87749    28.95421
 .98010E+08       11625.00      35.86983    35.86983    28.95203
 .98010E+08       11675.00      35.86697    35.86697    28.94984
 .98010E+08       11725.00      35.86809    35.86809    28.94764
 .98010E+08       11775.00      35.85832    35.85832    28.94542
 .98010E+08       11825.00      35.85473    35.85473    28.94320
 .98010E+08       11875.00      35.84703    35.84703    28.94096
 .98010E+08       11925.00      35.85126    35.85126    28.93871
 .98010E+08       11975.00      35.83692    35.83692    28.93645
 .98010E+08       12025.00      35.84069    35.84069    28.93418
 .98010E+08       12075.00      35.83442    35.83442    28.93190
 .98010E+08       12125.00      35.83211    35.83211    28.92960
 .98010E+08       12175.00      35.83089    35.83089    28.92730
 .98010E+08       12225.00      35.82603    35.82603    28.92498
 .98010E+08       12275.00      35.82132    35.82132    28.92265
 .98010E+08       12325.00      35.81669    35.81669    28.92030
 .98010E+08       12375.00      35.81365    35.81365    28.91794
 .98010E+08       12425.00      35.80891    35.80891    28.91557
 .98010E+08       12475.00      35.80612    35.80612    28.91319
 .98010E+08       12525.00      35.79979    35.79979    28.91079
 .98010E+08       12575.00      35.79644    35.79644    28.90838
 .98010E+08       12625.00      35.79296    35.79296    28.90596
 .98010E+08       12675.00      35.78733    35.78733    28.90352
 .98010E+08       12725.00      35.78539    35.78539    28.90107
 .98010E+08       12775.00      35.78137    35.78137    28.89860
 .98010E+08       12825.00      35.75342    35.75342    28.89612
 .98010E+08       12875.00      35.77066    35.77066    28.89363
 .98010E+08       12925.00      35.76587    35.76587    28.89112
 .98010E+08       12975.00      35.76777    35.76777    28.88860
 .98010E+08       13025.00      35.76067    35.76067    28.88606
 .98010E+08       13075.00      35.76070    35.76070    28.88351
 .98010E+08       13125.00      35.75260    35.75260    28.88095
 .98010E+08       13175.00      35.74947    35.74947    28.87836
 .98010E+08       13225.00      35.74826    35.74826    28.87577
 .98010E+08       13275.00      35.74023    35.74023    28.87315
 .98010E+08       13325.00      35.74113    35.74113    28.87052
 .98010E+08       13375.00      35.73559    35.73559    28.86788
 .98010E+08       13425.00      35.73603    35.73603    28.86522
 .98010E+08       13475.00      35.73162    35.73162    28.86254
 .98010E+08       13525.00      35.72842    35.72842    28.85984
 .98010E+08       13575.00      35.72036    35.72036    28.85714
 .98010E+08       13625.00      35.71757    35.71757    28.85441
 .98010E+08       13675.00      35.71622    35.71622    28.85166
 .98010E+08       13725.00      35.71416    35.71416    28.84890
 .98010E+08       13775.00      35.71074    35.71074    28.84612
 .98010E+08       13825.00      35.70903    35.70903    28.84332
 .98010E+08       13875.00      35.70401    35.70401    28.84050
 .98010E+08       13925.00      35.70232    35.70232    28.83767
 .98010E+08       13975.00      35.70037    35.70037    28.83481
 .98010E+08       14025.00      35.69252    35.69252    28.83194
 .98010E+08       14075.00      35.69378    35.69378    28.82905
 .98010E+08       14125.00      35.68694    35.68694    28.82614
 .98010E+08       14175.00      35.68837    35.68837    28.82321
 .98010E+08       14225.00      35.68047    35.68047    28.82026
 .98010E+08       14275.00      35.67304    35.67304    28.81729
 .98010E+08       14325.00      35.67757    35.67757    28.81430
 .98010E+08       14375.00      35.67692    35.67691    28.81128
 .98010E+08       14425.00      35.66260    35.66260    28.80825
 .98010E+08       14475.00      35.66956    35.66956    28.80520
 .98010E+08       14525.00      35.66180    35.66180    28.80212
 .98010E+08       14570.00      35.66323    35.66323    28.79933
 .98010E+08       14620.00      35.66011    35.66011    28.62522
 .98010E+08       14675.00      35.65817    35.65817    28.62389
 .98010E+08       14725.00      35.64974    35.64974    28.62268
 .98010E+08       14775.00      35.64944    35.64944    28.62147
 .98010E+08       14825.00      35.64749    35.64749    28.62025
 .98010E+08       14875.00      35.64185    35.64185    28.61903
 .98010E+08       14925.00      35.64731    35.64731    28.61781
 .98010E+08       14975.00      35.63976    35.63976    28.61658
 .98010E+08       15025.00      35.63508    35.63508    28.61536
 .98010E+08       15075.00      35.62920    35.62920    28.61412
 .98010E+08       15125.00      35.63275    35.63275    28.61288
 .98010E+08       15175.00      35.63137    35.63137    28.61164
 .98010E+08       15225.00      35.62877    35.62877    28.61040
 .98010E+08       15275.00      35.62786    35.62786    28.60915
 .98010E+08       15325.00      35.62317    35.62317    28.60790
 .98010E+08       15375.00      35.62569    35.62569    28.60665
 .98010E+08       15425.00      35.61973    35.61973    28.60539
 .98010E+08       15475.00      35.62049    35.62049    28.60413
 .98010E+08       15525.00      35.61385    35.61385    28.60286
 .98010E+08       15575.00      35.59676    35.59676    28.60159
 .98010E+08       15625.00      35.60998    35.60998    28.60032
 .98010E+08       15675.00      35.59921    35.59921    28.59904
 .98010E+08       15725.00      35.60164    35.60164    28.59776
 .98010E+08       15775.00      35.58364    35.58364    28.59647
 .98010E+08       15825.00      35.58872    35.58872    28.59518
 .98010E+08       15875.00      35.57095    35.57095    28.59389
 .98010E+08       15925.00      35.58621    35.58621    28.59260
 .98010E+08       15975.00      35.58248    35.58248    28.59130
 .98010E+08       16050.00      35.59055    35.59055    28.58934
 .98010E+08       16150.00      35.58116    35.58116    28.58672
 .98010E+08       16250.00      35.58307    35.58307    28.58408
 .98010E+08       16350.00      35.57632    35.57632    28.58142
 .98010E+08       16450.00      35.56163    35.56163    28.57875
 .98010E+08       16550.00      35.56390    35.56390    28.57606
 .98010E+08       16650.00      35.55676    35.55676    28.57335
 .98010E+08       16750.00      35.54431    35.54431    28.57063
 .98010E+08       16850.00      35.52951    35.52951    28.56789
 .98010E+08       16950.00      35.53471    35.53471    28.56514
 .98010E+08       17050.00      35.52024    35.52024    28.56236
 .98010E+08       17150.00      35.51681    35.51681    28.55957
 .98010E+08       17250.00      35.50208    35.50208    28.55676
 .98010E+08       17350.00      35.48561    35.48561    28.55393
 .98010E+08       17450.00      35.48624    35.48624    28.55108
 .98010E+08       17550.00      35.47951    35.47951    28.54822
 .98010E+08       17650.00      35.47246    35.47246    28.54533
 .98010E+08       17750.00      35.46267    35.46267    28.54243
 .98010E+08       17850.00      35.45790    35.45789    28.53951
 .98010E+08       17950.00      35.44864    35.44864    28.53656
 .98010E+08       18050.00      35.43810    35.43810    28.53360
 .98010E+08       18150.00      35.42441    35.42441    28.53061
 .98010E+08       18250.00      35.42074    35.42074    28.52761
 .98010E+08       18350.00      35.41443    35.41443    28.52458
 .98010E+08       18450.00      35.40422    35.40422    28.52153
 .98010E+08       18550.00      35.39951    35.39951    28.51847
 .98010E+08       18650.00      35.38656    35.38656    28.51538
 .98010E+08       18750.00      35.37110    35.37110    28.51226
 .98010E+08       18850.00      35.37428    35.37428    28.50913
 .98010E+08       18950.00      35.35631    35.35631    28.50597
 .98010E+08       19050.00      35.36211    35.36211    28.50279
 .98010E+08       19150.00      35.35262    35.35262    28.49958
 .98010E+08       19250.00      35.34613    35.34613    28.49636
 .98010E+08       19350.00      35.33315    35.33315    28.49310
 .98010E+08       19450.00      35.31693    35.31693    28.48983
 .98010E+08       19550.00      35.32210    35.32210    28.48653
 .98010E+08       19650.00      35.31404    35.31404    28.48320
 .98010E+08       19750.00      35.30482    35.30482    28.47985
 .98010E+08       19850.00      35.29935    35.29935    28.47647
 .98010E+08       19950.00      35.29258    35.29258    28.47306
 .98010E+08       20050.00      35.28915    35.28915    28.46963
 .98010E+08       20150.00      35.28288    35.28288    28.46617
 .98010E+08       20250.00      35.26990    35.26990    28.46268
 .98010E+08       20350.00      35.26258    35.26258    28.45917
 .98010E+08       20450.00      35.26180    35.26180    28.45562
 .98010E+08       20550.00      35.25305    35.25305    28.45205
 .98010E+08       20650.00      35.24429    35.24429    28.44845
 .98010E+08       20750.00      35.23829    35.23829    28.44481
 .98010E+08       20850.00      35.23050    35.23050    28.44115
 .98010E+08       20950.00      35.22130    35.22130    28.43745
 .98010E+08       21050.00      35.21883    35.21883    28.43373
 .98010E+08       21150.00      35.20988    35.20988    28.42997
 .98010E+08       21250.00      35.20242    35.20242    28.42618
 .98010E+08       21350.00      35.19906    35.19906    28.42235
 .98010E+08       21450.00      35.19169    35.19169    28.41849
 .98010E+08       21550.00      35.18393    35.18393    28.41460
 .98010E+08       21650.00      35.16876    35.16876    28.41067
 .98010E+08       21750.00      35.16706    35.16706    28.40670
 .98010E+08       21850.00      35.16236    35.16236    28.40270
 .98010E+08       21950.00      35.15716    35.15716    28.39866
 .98010E+08       22050.00      35.14576    35.14576    28.39459
 .98010E+08       22150.00      35.14463    35.14463    28.39047
 .98010E+08       22250.00      35.13344    35.13344    28.38632
 .98010E+08       22350.00      35.12796    35.12796    28.38212
 .98010E+08       22450.00      35.12195    35.12195    28.37789
 .98010E+08       22550.00      35.11611    35.11611    28.37361
 .98010E+08       22650.00      35.10680    35.10680    28.36929
 .98010E+08       22750.00      35.10474    35.10474    28.36493
 .98010E+08       22850.00      35.09510    35.09510    28.27107
 .98010E+08       22950.00      35.04120    35.04120    28.26930
 .98010E+08       23050.00      35.06229    35.06229    28.26753
 .98010E+08       23150.00      35.05594    35.05594    28.26575
 .98010E+08       23250.00      35.00496    35.00496    28.26396
 .98010E+08       23350.00      35.02762    35.02762    28.26217
 .98010E+08       23450.00      35.01855    35.01855    28.26036
 .98010E+08       23550.00      34.96970    34.96970    28.25855
 .98010E+08       23650.00      34.99844    34.99844    28.25674
 .98010E+08       23750.00      34.98721    34.98721    28.25491
 .98010E+08       23850.00      34.94674    34.94674    28.25308
 .98010E+08       23950.00      34.97050    34.97050    28.25124
 .98010E+08       24050.00      34.96627    34.96627    28.24939
 .98010E+08       24150.00      34.93060    34.93060    28.24753
 .98010E+08       24250.00      34.94839    34.94839    28.24567
 .98010E+08       24350.00      34.94434    34.94434    28.24379
 .98010E+08       24450.00      34.92194    34.92194    28.24191
 .98010E+08       24550.00      34.92057    34.92057    28.24002
 .98010E+08       24650.00      34.92962    34.92962    28.23812
 .98010E+08       24750.00      34.91533    34.91533    28.23622
 .98010E+08       24850.00      34.89497    34.89497    28.23431
 .98010E+08       24950.00      34.90079    34.90079    28.23238
 .98010E+08       25050.00      34.91174    34.91174    28.23045
 .98010E+08       25150.00      34.87902    34.87902    28.22851
 .98010E+08       25250.00      34.88949    34.88949    28.22656
 .98010E+08       25350.00      34.88969    34.88969    28.22461
 .98010E+08       25450.00      34.88036    34.88036    28.22264
 .98010E+08       25550.00      34.87254    34.87254    28.22067
 .98010E+08       25650.00      34.86945    34.86945    28.21868
 .98010E+08       25750.00      34.87333    34.87332    28.21669
 .98010E+08       25850.00      34.85223    34.85223    28.21469
 .98010E+08       25950.00      34.85585    34.85585    28.21268
 .98010E+08       26050.00      34.85709    34.85709    28.21066
 .98010E+08       26150.00      34.84382    34.84382    28.20863
 .98010E+08       26250.00      34.83440    34.83440    28.20658
 .98010E+08       26350.00      34.84085    34.84085    28.20454
 .98010E+08       26450.00      34.83717    34.83717    28.20248
 .98010E+08       26550.00      34.82901    34.82901    28.20041
 .98010E+08       26650.00      34.81957    34.81957    28.19833
 .98010E+08       26750.00      34.82315    34.82315    28.19624
 .98010E+08       26850.00      34.82100    34.82100    28.19414
 .98010E+08       26950.00      34.80907    34.80907    28.19203
 .98010E+08       27050.00      34.81097    34.81097    28.18991
 .98010E+08       27150.00      34.80583    34.80583    28.18778
 .98010E+08       27250.00      34.80385    34.80385    28.18564
 .98010E+08       27350.00      34.79173    34.79173    28.18349
 .98010E+08       27450.00      34.79216    34.79216    28.18133
 .98010E+08       27550.00      34.78567    34.78567    28.17916
 .98010E+08       27650.00      34.78075    34.78075    28.17697
 .98010E+08       27750.00      34.77332    34.77332    28.17478
 .98010E+08       27850.00      34.77314    34.77314    28.17257
 .98010E+08       27950.00      34.77148    34.77148    28.17036
 .98010E+08       28050.00      34.76567    34.76567    28.16813
 .98010E+08       28150.00      34.75751    34.75751    28.16589
 .98010E+08       28250.00      34.75462    34.75462    28.16364
 .98010E+08       28350.00      34.75230    34.75230    28.16137
 .98010E+08       28450.00      34.74580    34.74580    28.15910
 .98010E+08       28550.00      34.74014    34.74014    28.15681
 .98010E+08       28650.00      34.73448    34.73448    28.15451
 .98010E+08       28750.00      34.72578    34.72578    28.15220
 .98010E+08       28850.00      34.72554    34.72554    28.14988
 .98010E+08       28950.00      34.72120    34.72120    28.14754
 .98010E+08       29050.00      34.71595    34.71595    28.14519
 .98010E+08       29150.00      34.71177    34.71177    28.14283
 .98010E+08       29250.00      34.70335    34.70335    28.14046
 .98010E+08       29350.00      34.70245    34.70245    28.13807
 .98010E+08       29450.00      34.69527    34.69527    28.13567
 .98010E+08       29550.00      34.69064    34.69064    28.13326
 .98010E+08       29650.00      34.68732    34.68732    28.13083
 .98010E+08       29750.00      34.68227    34.68227    28.12839
 .98010E+08       29850.00      34.67630    34.67630    28.12593
 .98010E+08       29950.00      34.67098    34.67098    28.12346
 .98010E+08       30050.00      34.66574    34.66574    28.12098
 .98010E+08       30150.00      34.66196    34.66196    28.11848
 .98010E+08       30250.00      34.65532    34.65531    28.11597
 .98010E+08       30350.00      34.64476    34.64476    28.11344
 .98010E+08       30450.00      34.64408    34.64408    28.11090
 .98010E+08       30550.00      34.63996    34.63996    28.10835
 .98010E+08       30650.00      34.63505    34.63505    28.10577
 .98010E+08       30750.00      34.63104    34.63104    28.10319
 .98010E+08       30850.00      34.62384    34.62384    28.10059
 .98010E+08       30950.00      34.61942    34.61942    28.09797
 .98010E+08       31050.00      34.61602    34.61602    28.09534
 .98010E+08       31150.00      34.60777    34.60777    28.09269
 .98010E+08       31250.00      34.60490    34.60490    28.09002
 .98010E+08       31350.00      34.60014    34.60014    28.08734
 .98010E+08       31450.00      34.59484    34.59484    28.08464
 .98010E+08       31550.00      34.58923    34.58923    28.08192
 .98010E+08       31650.00      34.58350    34.58350    28.07919
 .98010E+08       31750.00      34.57986    34.57986    28.07644
 .98010E+08       31850.00      34.57457    34.57457    28.07367
 .98010E+08       31950.00      34.57023    34.57023    28.07088
 .98010E+08       32100.00      34.56193    34.56193    28.06667
 .98010E+08       32300.00      34.55153    34.55153    28.06099
 .98010E+08       32500.00      34.54139    34.54139    28.05524
 .98010E+08       32700.00      34.53085    34.53085    28.04940
 .98010E+08       32900.00      34.51737    34.51737    27.99414
 .98010E+08       33100.00      34.51024    34.51024    27.99133
 .98010E+08       33300.00      34.50071    34.50071    27.98849
 .98010E+08       33500.00      34.49215    34.49215    27.98564
 .98010E+08       33700.00      34.48156    34.48156    27.98277
 .98010E+08       33900.00      34.47121    34.47121    27.97988
 .98010E+08       34100.00      34.46085    34.46085    27.97697
 .98010E+08       34300.00      34.45291    34.45291    27.97405
 .98010E+08       34500.00      34.44384    34.44384    27.97110
 .98010E+08       34700.00      34.43391    34.43391    27.96813
 .98010E+08       34900.00      34.42468    34.42468    27.96514
 .98010E+08       35100.00      34.41575    34.41575    27.96213
 .98010E+08       35300.00      34.40512    34.40512    27.95910
 .98010E+08       35500.00      34.39687    34.39687    27.95605
 .98010E+08       35700.00      34.38700    34.38700    27.95298
 .98010E+08       35900.00      34.37776    34.37776    27.94988
 .98010E+08       36100.00      34.36950    34.36950    27.94676
 .98010E+08       36300.00      34.36073    34.36073    27.94362
 .98010E+08       36500.00      34.34971    34.34971    27.94046
 .98010E+08       36700.00      34.34094    34.34094    27.93728
 .98010E+08       36900.00      34.32890    34.32890    27.93407
 .98010E+08       37100.00      34.31981    34.31981    27.93083
 .98010E+08       37300.00      34.31214    34.31214    27.92758
 .98010E+08       37500.00      34.29858    34.29858    27.92429
 .98010E+08       37700.00      34.29589    34.29589    27.92099
 .98010E+08       37900.00      34.28697    34.28697    27.91765
 .98010E+08       38100.00      34.27853    34.27853    27.91430
 .98010E+08       38300.00      34.27122    34.27122    27.91091
 .98010E+08       38500.00      34.26377    34.26377    27.90750
 .98010E+08       38700.00      34.25332    34.25332    27.90406
 .98010E+08       38900.00      34.24517    34.24517    27.90060
 .98010E+08       39100.00      34.23650    34.23650    27.89710
 .98010E+08       39300.00      34.22953    34.22953    27.89358
 .98010E+08       39500.00      34.21904    34.21904    27.89003
 .98010E+08       39700.00      34.21163    34.21163    27.88645
 .98010E+08       39900.00      34.20041    34.20041    27.88284
 .98010E+08       40100.00      34.19318    34.19318    27.87920
 .98010E+08       40300.00      34.18619    34.18619    27.87553
 .98010E+08       40500.00      34.17564    34.17564    27.87183
 .98010E+08       40700.00      34.17059    34.17059    27.86810
 .98010E+08       40900.00      34.16301    34.16301    27.86433
 .98010E+08       41100.00      34.15533    34.15533    27.86053
 .98010E+08       41300.00      34.14799    34.14799    27.85670
 .98010E+08       41500.00      34.13881    34.13881    27.85283
 .98010E+08       41700.00      34.12881    34.12880    27.84893
 .98010E+08       41900.00      34.12239    34.12239    27.84499
 .98010E+08       42100.00      34.11373    34.11373    27.84102
 .98010E+08       42300.00      34.10869    34.10869    27.83701
 .98010E+08       42500.00      34.09922    34.09922    27.83296
 .98010E+08       42700.00      34.09261    34.09261    27.82888
 .98010E+08       42900.00      34.06372    34.06372    27.82475
 .98010E+08       43100.00      34.03573    34.03573    27.82059
 .98010E+08       43300.00      34.03970    34.03970    27.81639
 .98010E+08       43500.00      34.01173    34.01173    27.81214
 .98010E+08       43700.00      33.99747    33.99747    27.80786
 .98010E+08       43900.00      33.98864    33.98864    27.80353
 .98010E+08       44100.00      33.96174    33.96174    27.79915
 .98010E+08       44300.00      33.95947    33.95947    27.79474
 .98010E+08       44500.00      33.94952    33.94951    27.79028
 .98010E+08       44700.00      33.92663    33.92663    27.75501
 .98010E+08       44900.00      33.93239    33.93239    27.75496
 .98010E+08       45100.00      33.91902    33.91902    27.75492
 .98010E+08       45300.00      33.90163    33.90163    27.75487
 .98010E+08       45500.00      33.90388    33.90388    27.75483
 .98010E+08       45700.00      33.89790    33.89790    27.75478
 .98010E+08       45900.00      33.87741    33.87741    27.75474
 .98010E+08       46100.00      33.88390    33.88390    27.75470
 .98010E+08       46300.00      33.87245    33.87245    27.75465
 .98010E+08       46500.00      33.86473    33.86473    27.75461
 .98010E+08       46700.00      33.86263    33.86263    27.75456
 .98010E+08       46900.00      33.85648    33.85648    27.75452
 .98010E+08       47100.00      33.84695    33.84695    27.75447
 .98010E+08       47300.00      33.85062    33.85062    27.75443
 .98010E+08       47500.00      33.84008    33.84008    27.75438
 .98010E+08       47700.00      33.83386    33.83386    27.75434
 .98010E+08       47900.00      33.82876    33.82876    27.75430
 .98010E+08       48100.00      33.81717    33.81717    27.75425
 .98010E+08       48300.00      33.82196    33.82196    27.75421
 .98010E+08       48500.00      33.81226    33.81226    27.75416
 .98010E+08       48700.00      33.80280    33.80280    27.75412
 .98010E+08       48900.00      33.79824    33.79824    27.75407
 .98010E+08       49100.00      33.79115    33.79115    27.75403
 .98010E+08       49300.00      33.78539    33.78539    27.75398
 .98010E+08       49500.00      33.77718    33.77718    27.75394
 .98010E+08       49700.00      33.77610    33.77610    27.75389
 .98010E+08       49900.00      33.76762    33.76762    27.75385
 .98010E+08       50100.00      33.76453    33.76453    27.75381
 .98010E+08       50300.00      33.75859    33.75859    27.75376
 .98010E+08       50500.00      33.74765    33.74765    27.75372
 .98010E+08       50700.00      33.74482    33.74482    27.75367
 .98010E+08       50900.00      33.73915    33.73915    27.75363
 .98010E+08       51100.00      33.73047    33.73047    27.75358
 .98010E+08       51300.00      33.72462    33.72462    27.75354
 .98010E+08       51500.00      33.71941    33.71941    27.75349
 .98010E+08       51700.00      33.72001    33.72001    27.75345
 .98010E+08       51900.00      33.71106    33.71106    27.75340
 .98010E+08       52100.00      33.70552    33.70552    27.75336
 .98010E+08       52300.00      33.69819    33.69819    27.75331
 .98010E+08       52500.00      33.69571    33.69571    27.75327
 .98010E+08       52700.00      33.69605    33.69605    27.75323
 .98010E+08       52900.00      33.68281    33.68281    27.75318
 .98010E+08       53100.00      33.67624    33.67624    27.75314
 .98010E+08       53300.00      33.67425    33.67425    27.75309
 .98010E+08       53500.00      33.66843    33.66843    27.75305
 .98010E+08       53700.00      33.66368    33.66368    27.75300
 .98010E+08       53900.00      33.65916    33.65916    27.75296
 .98010E+08       54100.00      33.65401    33.65401    27.75291
 .98010E+08       54300.00      33.64504    33.64504    27.75287
 .98010E+08       54500.00      33.64470    33.64470    27.75282
 .98010E+08       54700.00      33.63571    33.63571    27.75278
 .98010E+08       54900.00      33.63268    33.63268    27.75274
 .98010E+08       55100.00      33.62510    33.62510    27.75269
 .98010E+08       55300.00      33.62961    33.62961    27.75265
 .98010E+08       55500.00      33.61506    33.61506    27.75260
 .98010E+08       55700.00      33.61618    33.61618    27.75256
 .98010E+08       55900.00      33.60749    33.60749    27.75251
 .98010E+08       56100.00      33.60611    33.60610    27.75247
 .98010E+08       56300.00      33.59608    33.59608    27.75242
 .98010E+08       56500.00      33.59565    33.59565    27.75238
 .98010E+08       56700.00      33.58988    33.58988    27.75233
 .98010E+08       56900.00      33.58043    33.58043    27.75229
 .98010E+08       57100.00      33.58058    33.58058    27.75224
 .98010E+08       57300.00      33.57539    33.57539    27.75220
 .98010E+08       57500.00      33.56988    33.56988    27.75216
 .98010E+08       57700.00      33.56396    33.56396    27.75211
 .98010E+08       57900.00      33.56180    33.56180    27.75207
 .98010E+08       58100.00      33.55464    33.55464    27.75202
 .98010E+08       58300.00      33.55023    33.55023    27.75198
 .98010E+08       58500.00      33.54541    33.54541    27.75193
 .98010E+08       58700.00      33.53760    33.53759    27.75189
 .98010E+08       58900.00      33.53309    33.53309    27.75184
 .98010E+08       59100.00      33.52631    33.52631    27.75180
 .98010E+08       59300.00      33.52473    33.52472    27.75175
 .98010E+08       59500.00      33.51789    33.51789    27.75171
 .98010E+08       59700.00      33.51548    33.51548    27.75166
 .98010E+08       59900.00      33.51041    33.51041    27.75162
 .98010E+08       60100.00      33.50544    33.50544    27.75157
 .98010E+08       60300.00      33.50016    33.50016    27.75153
 .98010E+08       60500.00      33.49320    33.49319    27.75148
 .98010E+08       60700.00      33.48864    33.48864    27.75144
 .98010E+08       60900.00      33.48315    33.48315    27.75139
 .98010E+08       61100.00      33.47734    33.47734    27.75135
 .98010E+08       61300.00      33.47385    33.47385    27.75130
 .98010E+08       61500.00      33.46954    33.46954    27.75126
 .98010E+08       61700.00      33.46610    33.46610    27.75121
 .98010E+08       61900.00      33.46041    33.46041    27.75117
 .98010E+08       62100.00      33.45651    33.45650    27.75113
 .98010E+08       62300.00      33.44971    33.44971    27.75108
 .98010E+08       62500.00      33.44343    33.44342    27.75104
 .98010E+08       62700.00      33.43875    33.43874    27.75099
 .98010E+08       62900.00      33.43425    33.43425    27.75095
 .98010E+08       63100.00      33.42881    33.42881    27.75090
 .98010E+08       63300.00      33.42598    33.42598    27.75086
 .98010E+08       63500.00      33.41988    33.41988    27.75081
 .98010E+08       63700.00      33.41692    33.41692    27.75077
 .98010E+08       63900.00      33.41035    33.41035    27.75072
 .98010E+08       64200.00      33.40332    33.40332    27.75065
 .98010E+08       64600.00      33.39268    33.39268    27.75056
 .98010E+08       65000.00      33.38307    33.38307    27.75047
 .98010E+08       65400.00      33.37313    33.37313    27.75039
 .98010E+08       65800.00      33.36417    33.36417    27.75029
 .98010E+08       66200.00      33.35376    33.35375    27.75021
 .98010E+08       66600.00      33.34427    33.34427    27.75011
 .98010E+08       67000.00      33.33484    33.33483    27.75002
 .98010E+08       67400.00      33.32455    33.32454    27.74994
 .98010E+08       67800.00      33.31506    33.31506    27.74985
 .98010E+08       68200.00      33.30530    33.30530    27.74976
 .98010E+08       68600.00      33.29623    33.29623    27.74967
 .98010E+08       69000.00      33.28625    33.28625    27.74958
 .98010E+08       69400.00      33.27678    33.27677    27.74949
 .98010E+08       69800.00      33.26737    33.26737    27.74940
 .98010E+08       70200.00      33.25757    33.25757    27.74931
 .98010E+08       70600.00      33.24860    33.24860    27.74922
 .98010E+08       71000.00      33.23902    33.23902    27.74913
 .98010E+08       71400.00      33.22992    33.22991    27.74903
 .98010E+08       71800.00      33.22039    33.22039    27.74895
 .98010E+08       72200.00      33.21119    33.21119    27.74886
 .98010E+08       72600.00      33.20176    33.20176    27.74876
 .98010E+08       73000.00      33.19276    33.19276    27.74867
 .98010E+08       73400.00      33.18331    33.18331    27.74858
 .98010E+08       73800.00      33.17443    33.17443    27.74850
 .98010E+08       74200.00      33.16467    33.16467    27.74841
 .98010E+08       74600.00      33.15420    33.15420    27.74831
 .98010E+08       75000.00      33.14517    33.14517    27.74822
 .98010E+08       75400.00      33.13754    33.13754    27.74813
 .98010E+08       75800.00      33.12932    33.12932    27.74804
 .98010E+08       76200.00      33.12038    33.12038    27.74795
 .98010E+08       76600.00      33.11158    33.11158    27.74786
 .98010E+08       77000.00      33.10258    33.10257    27.74777
 .98010E+08       77400.00      33.09393    33.09393    27.74768
 .98010E+08       77800.00      33.08531    33.08531    27.74759
 .98010E+08       78200.00      33.07648    33.07648    27.74750
 .98010E+08       78600.00      33.06793    33.06793    27.74741
 .98010E+08       79000.00      33.05926    33.05926    27.74732
 .98010E+08       79400.00      33.05066    33.05065    27.74723
 .98010E+08       79800.00      33.04229    33.04229    27.74714
 .98010E+08       80200.00      33.03334    33.03334    27.74705
 .98010E+08       80600.00      33.02496    33.02496    27.74696
 .98010E+08       81000.00      33.01682    33.01682    27.74687
 .98010E+08       81400.00      33.00822    33.00822    27.74678
 .98010E+08       81800.00      33.00007    33.00007    27.74669
 .98010E+08       82200.00      32.99187    32.99187    27.74660
 .98010E+08       82600.00      32.98350    32.98350    27.74651
 .98010E+08       83000.00      32.97535    32.97535    27.74642
 .98010E+08       83400.00      32.96690    32.96690    27.74632
 .98010E+08       83800.00      32.95877    32.95877    27.74623
 .98010E+08       84200.00      32.95092    32.95091    27.74614
 .98010E+08       84600.00      32.94276    32.94276    27.74605
 .98010E+08       85000.00      32.93478    32.93478    27.74596
 .98010E+08       85400.00      32.92676    32.92675    27.74587
 .98010E+08       85800.00      32.91885    32.91885    27.74578
 .98010E+08       86200.00      32.91100    32.91100    27.74569
 .98010E+08       86600.00      32.90321    32.90321    27.74560
 .98010E+08       87000.00      32.89534    32.89534    27.74551
 .98010E+08       87400.00      32.88749    32.88748    27.74542
 .98010E+08       87800.00      32.87972    32.87972    27.74533
 .98010E+08       88200.00      32.87172    32.87171    27.74524
 .98010E+08       88600.00      32.86410    32.86410    27.74514
 .98010E+08       89000.00      32.85635    32.85635    27.74505
 .98010E+08       89400.00      32.84891    32.84890    27.74496
 .98010E+08       89800.00      32.84100    32.84100    27.74487
 .98010E+08       90200.00      32.83370    32.83369    27.74478
 .98010E+08       90600.00      32.82625    32.82625    27.74469
 .98010E+08       91000.00      32.81821    32.81821    27.74460
 .98010E+08       91400.00      32.81106    32.81105    27.74451
 .98010E+08       91800.00      32.80373    32.80373    27.74442
 .98010E+08       92200.00      32.79652    32.79652    27.74433
 .98010E+08       92600.00      32.78910    32.78910    27.74424
 .98010E+08       93000.00      32.78178    32.78177    27.74414
 .98010E+08       93400.00      32.77436    32.77436    27.74405
 .98010E+08       93800.00      32.76713    32.76712    27.74396
 .98010E+08       94200.00      32.75992    32.75992    27.74387
 .98010E+08       94600.00      32.75256    32.75256    27.74378
 .98010E+08       95000.00      32.74538    32.74538    27.74369
 .98010E+08       95400.00      32.73823    32.73822    27.74360
 .98010E+08       95800.00      32.73113    32.73112    27.74351
 .98010E+08       96200.00      32.72398    32.72398    27.74342
 .98010E+08       96600.00      32.71700    32.71699    27.74332
 .98010E+08       97000.00      32.70992    32.70991    27.74323
 .98010E+08       97400.00      32.70237    32.70236    27.74314
 .98010E+08       97800.00      32.69574    32.69573    27.74305
 .98010E+08       98200.00      32.68888    32.68887    27.74296
 .98010E+08       98600.00      32.68201    32.68201    27.74287
 .98010E+08       99000.00      32.67513    32.67513    27.74277
 .98010E+08       99400.00      32.66804    32.66803    27.74268
 .98010E+08       99800.00      32.66130    32.66130    27.74259
 .98010E+08      100200.00      32.65445    32.65444    27.74250
 .98010E+08      200000.00      31.46703    31.46695    27.71907
 .98010E+08      400000.00      30.26638    30.26529    27.66791
 .98010E+08      600000.00      29.56359    29.55874    27.60992
 .98010E+08      800000.00      29.06953    29.05642    27.54297
 .98010E+08     1000000.00      28.69254    28.66610    27.46379
 .98010E+08     1200000.00      28.39020    28.34696    27.36688
 .98010E+08     1400000.00      28.13622    28.07695    27.24195
 .98010E+08     1600000.00      27.91003    27.84293    27.06585
