;+
;> _TIME = '[yr]'
;> _WAVE = '[A]'
;> _FLUX = 'log(F / [erg s-1 A-1])'
;> Source = 'Starburst99 v5.0; 1E6 M_sun burst; standard input params'
;-

;~     TIME           WAVE          FLUX     STELLAR     NEBULAR
 .20100E+07          91.00      25.48656    25.48656   -15.00000
 .20100E+07          94.00      25.50364    25.50364   -15.00000
 .20100E+07          96.00      25.51897    25.51897   -15.00000
 .20100E+07          98.00      25.53420    25.53420   -15.00000
 .20100E+07         100.00      25.55680    25.55680   -15.00000
 .20100E+07         102.00      25.58941    25.58941   -15.00000
 .20100E+07         104.00      25.63676    25.63676   -15.00000
 .20100E+07         106.00      25.70394    25.70394   -15.00000
 .20100E+07         108.00      25.80054    25.80054   -15.00000
 .20100E+07         110.00      26.10680    26.10680   -15.00000
 .20100E+07         114.00      27.21402    27.21402   -15.00000
 .20100E+07         118.00      27.36083    27.36083   -15.00000
 .20100E+07         121.00      27.78486    27.78486   -15.00000
 .20100E+07         125.00      28.13766    28.13766   -15.00000
 .20100E+07         127.00      28.33716    28.33716   -15.00000
 .20100E+07         128.00      28.31330    28.31330   -15.00000
 .20100E+07         131.00      28.38537    28.38537   -15.00000
 .20100E+07         132.00      28.59997    28.59997   -15.00000
 .20100E+07         134.00      28.66354    28.66354   -15.00000
 .20100E+07         137.00      28.94765    28.94765   -15.00000
 .20100E+07         140.00      29.03908    29.03908   -15.00000
 .20100E+07         143.00      29.24208    29.24208   -15.00000
 .20100E+07         147.00      30.27132    30.27132   -15.00000
 .20100E+07         151.00      30.36191    30.36191   -15.00000
 .20100E+07         155.00      30.68824    30.68824   -15.00000
 .20100E+07         159.00      31.17452    31.17452   -15.00000
 .20100E+07         162.00      33.10738    33.10738   -15.00000
 .20100E+07         166.00      33.50026    33.50026   -15.00000
 .20100E+07         170.00      33.58816    33.58816   -15.00000
 .20100E+07         173.00      33.68842    33.68842   -15.00000
 .20100E+07         177.00      33.86502    33.86502   -15.00000
 .20100E+07         180.00      34.01725    34.01725   -15.00000
 .20100E+07         182.00      34.09842    34.09842   -15.00000
 .20100E+07         186.00      34.25854    34.25854   -15.00000
 .20100E+07         191.00      34.45122    34.45122   -15.00000
 .20100E+07         194.00      34.18614    34.18614   -15.00000
 .20100E+07         198.00      34.46749    34.46749   -15.00000
 .20100E+07         202.00      33.64762    33.64762   -15.00000
 .20100E+07         205.00      33.91667    33.91667   -15.00000
 .20100E+07         210.00      35.01631    35.01631   -15.00000
 .20100E+07         216.00      35.22837    35.22837   -15.00000
 .20100E+07         220.00      35.25163    35.25163   -15.00000
 .20100E+07         223.00      35.51313    35.51313   -15.00000
 .20100E+07         227.00      35.51353    35.51353   -15.00000
 .20100E+07         230.00      35.16103    35.16103   -15.00000
 .20100E+07         234.00      36.39989    36.39989   -15.00000
 .20100E+07         240.00      36.31810    36.31810   -15.00000
 .20100E+07         246.00      35.81130    35.81130   -15.00000
 .20100E+07         252.00      36.76936    36.76936   -15.00000
 .20100E+07         257.00      37.55419    37.55419   -15.00000
 .20100E+07         260.00      37.15765    37.15765   -15.00000
 .20100E+07         264.00      37.73599    37.73599   -15.00000
 .20100E+07         269.00      37.88379    37.88379   -15.00000
 .20100E+07         274.00      37.62511    37.62511   -15.00000
 .20100E+07         279.00      36.61136    36.61136   -15.00000
 .20100E+07         284.00      37.95058    37.95058   -15.00000
 .20100E+07         290.00      37.62161    37.62161   -15.00000
 .20100E+07         296.00      38.03305    38.03305   -15.00000
 .20100E+07         301.00      37.97338    37.97338   -15.00000
 .20100E+07         308.00      37.92292    37.92292   -15.00000
 .20100E+07         318.00      38.81493    38.81493   -15.00000
 .20100E+07         328.00      37.99839    37.99839   -15.00000
 .20100E+07         338.00      38.03251    38.03251   -15.00000
 .20100E+07         348.00      38.27153    38.27153   -15.00000
 .20100E+07         357.00      37.92527    37.92527   -15.00000
 .20100E+07         366.00      38.87418    38.87418   -15.00000
 .20100E+07         375.00      38.79809    38.79809   -15.00000
 .20100E+07         385.00      38.40123    38.40123   -15.00000
 .20100E+07         395.00      38.94643    38.94643   -15.00000
 .20100E+07         405.00      39.10048    39.10048   -15.00000
 .20100E+07         414.00      39.09735    39.09735   -15.00000
 .20100E+07         422.00      38.96439    38.96439   -15.00000
 .20100E+07         430.00      38.61764    38.61764   -15.00000
 .20100E+07         441.00      38.20213    38.20213   -15.00000
 .20100E+07         451.00      39.05794    39.05794   -15.00000
 .20100E+07         460.00      38.92967    38.92967   -15.00000
 .20100E+07         470.00      39.19438    39.19438   -15.00000
 .20100E+07         480.00      39.10048    39.10048   -15.00000
 .20100E+07         490.00      39.14967    39.14967   -15.00000
 .20100E+07         500.00      39.21529    39.21529   -15.00000
 .20100E+07         506.00      38.93280    38.93280   -15.00000
 .20100E+07         512.00      39.38155    39.38155   -15.00000
 .20100E+07         520.00      39.35299    39.35299   -15.00000
 .20100E+07         530.00      39.20882    39.20882   -15.00000
 .20100E+07         540.00      38.38585    38.38585   -15.00000
 .20100E+07         550.00      38.19043    38.19043   -15.00000
 .20100E+07         560.00      39.44208    39.44208   -15.00000
 .20100E+07         570.00      39.46490    39.46490   -15.00000
 .20100E+07         580.00      39.29234    39.29234   -15.00000
 .20100E+07         590.00      39.54388    39.54388   -15.00000
 .20100E+07         600.00      39.43815    39.43815   -15.00000
 .20100E+07         610.00      39.32081    39.32081   -15.00000
 .20100E+07         620.00      39.33976    39.33976   -15.00000
 .20100E+07         630.00      39.15095    39.15095   -15.00000
 .20100E+07         640.00      39.25690    39.25690   -15.00000
 .20100E+07         650.00      39.38430    39.38430   -15.00000
 .20100E+07         658.00      39.07100    39.07100   -15.00000
 .20100E+07         665.00      39.11153    39.11153   -15.00000
 .20100E+07         675.00      39.34776    39.34776   -15.00000
 .20100E+07         685.00      39.30346    39.30346   -15.00000
 .20100E+07         695.00      39.26004    39.26004   -15.00000
 .20100E+07         705.00      39.16421    39.16421   -15.00000
 .20100E+07         716.00      39.44865    39.44865   -15.00000
 .20100E+07         726.00      39.36815    39.36815   -15.00000
 .20100E+07         735.00      39.40538    39.40538   -15.00000
 .20100E+07         745.00      39.28744    39.28744   -15.00000
 .20100E+07         755.00      39.43752    39.43752   -15.00000
 .20100E+07         765.00      39.17582    39.17582   -15.00000
 .20100E+07         775.00      39.36130    39.36130   -15.00000
 .20100E+07         785.00      38.51243    38.51243   -15.00000
 .20100E+07         795.00      39.18592    39.18592   -15.00000
 .20100E+07         805.00      39.39227    39.39227   -15.00000
 .20100E+07         815.00      39.37501    39.37501   -15.00000
 .20100E+07         825.00      39.39226    39.39226   -15.00000
 .20100E+07         835.00      39.15435    39.15435   -15.00000
 .20100E+07         845.00      39.31687    39.31687   -15.00000
 .20100E+07         855.00      39.29021    39.29021   -15.00000
 .20100E+07         865.00      39.27542    39.27542   -15.00000
 .20100E+07         875.00      39.34559    39.34559   -15.00000
 .20100E+07         885.00      39.32706    39.32706   -15.00000
 .20100E+07         895.00      39.31040    39.31040   -15.00000
 .20100E+07         905.00      39.33994    39.33994   -15.00000
 .20100E+07         915.00      39.66712    39.66706    35.80416
 .20100E+07         925.00      39.60828    39.60787    36.57705
 .20100E+07         935.00      39.84499    39.84457    36.83981
 .20100E+07         945.00      39.79362    39.79292    37.00236
 .20100E+07         955.00      39.67089    39.66966    37.12036
 .20100E+07         965.00      39.65696    39.65540    37.21306
 .20100E+07         975.00      39.65722    39.65535    37.28941
 .20100E+07         985.00      39.32820    39.32356    37.35432
 .20100E+07         995.00      39.62579    39.62313    37.41078
 .20100E+07        1005.00      39.54053    39.53690    37.46074
 .20100E+07        1015.00      39.65573    39.65265    37.50554
 .20100E+07        1025.00      39.58568    39.58170    37.54614
 .20100E+07        1035.00      39.57828    39.57387    37.58327
 .20100E+07        1045.00      39.64065    39.63651    37.61748
 .20100E+07        1055.00      39.63210    39.62756    37.64919
 .20100E+07        1065.00      39.62260    39.61763    37.67874
 .20100E+07        1075.00      39.58988    39.58416    37.70641
 .20100E+07        1085.00      39.52787    39.52086    37.73241
 .20100E+07        1095.00      39.60938    39.60324    37.75695
 .20100E+07        1105.00      39.59121    39.58444    37.78017
 .20100E+07        1115.00      39.46052    39.45087    37.80222
 .20100E+07        1125.00      39.43328    39.42249    37.82320
 .20100E+07        1135.00      39.57177    39.56358    37.84322
 .20100E+07        1145.00      39.56776    39.55912    37.86235
 .20100E+07        1155.00      39.46732    39.45592    37.88068
 .20100E+07        1165.00      39.43460    39.42178    37.89826
 .20100E+07        1175.00      39.45150    39.43868    37.91516
 .20100E+07        1185.00      39.52613    39.51495    37.93143
 .20100E+07        1195.00      39.45747    39.44386    37.94711
 .20100E+07        1205.00      39.48678    39.47360    37.96223
 .20100E+07        1215.00      39.45523    39.44055    37.97686
 .20100E+07        1225.00      39.46248    39.44756    37.99100
 .20100E+07        1235.00      39.26657    39.24213    38.00471
 .20100E+07        1245.00      39.48154    39.46634    38.01799
 .20100E+07        1255.00      39.38776    39.36824    38.03087
 .20100E+07        1265.00      39.45628    39.43916    38.04339
 .20100E+07        1275.00      39.45255    39.43478    38.05555
 .20100E+07        1285.00      39.41706    39.39720    38.06739
 .20100E+07        1295.00      39.42244    39.40229    38.07891
 .20100E+07        1305.00      39.43485    39.41489    38.08719
 .20100E+07        1315.00      39.39043    39.36800    38.09242
 .20100E+07        1325.00      39.38419    39.36114    38.09758
 .20100E+07        1335.00      39.41500    39.39331    38.10269
 .20100E+07        1345.00      39.36118    39.33625    38.10773
 .20100E+07        1355.00      39.40519    39.38246    38.11272
 .20100E+07        1365.00      39.39277    39.36909    38.11765
 .20100E+07        1375.00      39.37659    39.35170    38.12252
 .20100E+07        1385.00      39.30993    39.28043    38.12735
 .20100E+07        1395.00      39.30598    39.27586    38.13211
 .20100E+07        1405.00      39.38973    39.36477    38.13683
 .20100E+07        1415.00      39.34071    39.31236    38.14149
 .20100E+07        1425.00      39.27339    39.23972    38.14611
 .20100E+07        1435.00      39.30013    39.26820    38.15068
 .20100E+07        1442.00      39.31137    39.28005    38.15385
 .20100E+07        1447.00      39.29368    39.26083    38.15610
 .20100E+07        1455.00      39.30386    39.27152    38.15967
 .20100E+07        1465.00      39.29122    39.25754    38.16410
 .20100E+07        1475.00      39.30186    39.26868    38.16848
 .20100E+07        1485.00      39.29042    39.25596    38.17282
 .20100E+07        1495.00      39.28904    39.25411    38.17712
 .20100E+07        1505.00      39.27087    39.23436    38.17730
 .20100E+07        1512.00      39.23971    39.20062    38.17456
 .20100E+07        1517.00      39.26053    39.22353    38.17259
 .20100E+07        1525.00      39.23595    39.19700    38.16942
 .20100E+07        1535.00      39.23704    39.19855    38.16542
 .20100E+07        1545.00      39.12790    39.07825    38.16139
 .20100E+07        1555.00      39.25775    39.22184    38.15732
 .20100E+07        1565.00      39.13092    39.08261    38.15321
 .20100E+07        1575.00      39.20686    39.16707    38.14906
 .20100E+07        1585.00      39.14532    39.09962    38.14487
 .20100E+07        1595.00      39.21180    39.17328    38.14064
 .20100E+07        1605.00      39.21323    39.17522    38.13637
 .20100E+07        1615.00      39.20490    39.16653    38.13205
 .20100E+07        1625.00      39.19885    39.16032    38.12770
 .20100E+07        1635.00      39.19460    39.15609    38.12329
 .20100E+07        1645.00      39.18786    39.14913    38.11885
 .20100E+07        1655.00      39.17597    39.13655    38.11436
 .20100E+07        1665.00      39.17146    39.13204    38.10982
 .20100E+07        1672.00      39.16298    39.12305    38.10661
 .20100E+07        1677.00      39.17016    39.13114    38.10431
 .20100E+07        1685.00      39.16373    39.12446    38.10059
 .20100E+07        1695.00      39.15535    39.11572    38.09591
 .20100E+07        1705.00      39.14797    39.10809    38.09117
 .20100E+07        1715.00      39.13839    39.09804    38.08638
 .20100E+07        1725.00      39.13007    39.08939    38.08154
 .20100E+07        1735.00      39.12701    39.08650    38.07664
 .20100E+07        1745.00      39.11993    39.07922    38.07169
 .20100E+07        1755.00      39.11387    39.07306    38.06667
 .20100E+07        1765.00      39.10614    39.06506    38.06161
 .20100E+07        1775.00      39.09727    39.05582    38.05647
 .20100E+07        1785.00      39.08763    39.04573    38.05128
 .20100E+07        1795.00      39.08282    39.04096    38.04603
 .20100E+07        1805.00      39.07864    39.03678    38.04185
 .20100E+07        1815.00      39.06986    39.02742    38.03879
 .20100E+07        1825.00      39.06538    39.02280    38.03570
 .20100E+07        1835.00      39.05880    39.01586    38.03259
 .20100E+07        1845.00      39.04841    39.00471    38.02945
 .20100E+07        1855.00      39.04337    38.99947    38.02629
 .20100E+07        1865.00      39.03825    38.99414    38.02311
 .20100E+07        1875.00      39.03321    38.98891    38.01991
 .20100E+07        1885.00      39.02231    38.97718    38.01668
 .20100E+07        1895.00      39.01399    38.96829    38.01343
 .20100E+07        1905.00      39.01182    38.96624    38.01015
 .20100E+07        1915.00      39.00332    38.95717    38.00685
 .20100E+07        1925.00      38.99395    38.94712    38.00352
 .20100E+07        1935.00      38.99248    38.94586    38.00017
 .20100E+07        1945.00      38.98801    38.94126    37.99679
 .20100E+07        1955.00      38.97568    38.92791    37.99339
 .20100E+07        1967.00      38.97357    38.92603    37.98927
 .20100E+07        1976.00      38.97060    38.92308    37.98615
 .20100E+07        1984.00      38.96272    38.91461    37.98336
 .20100E+07        1995.00      38.95497    38.90640    37.97949
 .20100E+07        2005.00      38.95136    38.90278    37.97595
 .20100E+07        2015.00      38.94534    38.89648    37.97237
 .20100E+07        2025.00      38.94099    38.89204    37.96877
 .20100E+07        2035.00      38.93121    38.88152    37.96514
 .20100E+07        2045.00      38.92591    38.87602    37.96148
 .20100E+07        2055.00      38.91714    38.86663    37.95778
 .20100E+07        2065.00      38.91735    38.86731    37.95406
 .20100E+07        2074.00      38.91993    38.87061    37.95068
 .20100E+07        2078.00      38.91309    38.86314    37.94917
 .20100E+07        2085.00      38.91075    38.86083    37.94651
 .20100E+07        2095.00      38.90211    38.85160    37.94268
 .20100E+07        2105.00      38.89822    38.84772    37.93882
 .20100E+07        2115.00      38.89365    38.84306    37.93493
 .20100E+07        2125.00      38.88782    38.83699    37.93100
 .20100E+07        2135.00      38.88148    38.83035    37.92704
 .20100E+07        2145.00      38.87418    38.82264    37.92303
 .20100E+07        2155.00      38.87044    38.81893    37.91900
 .20100E+07        2165.00      38.86341    38.81153    37.91492
 .20100E+07        2175.00      38.85811    38.80608    37.91080
 .20100E+07        2185.00      38.85130    38.79893    37.90665
 .20100E+07        2195.00      38.84729    38.79494    37.90246
 .20100E+07        2205.00      38.84138    38.78858    37.90002
 .20100E+07        2215.00      38.83473    38.78115    37.89938
 .20100E+07        2225.00      38.82890    38.77465    37.89874
 .20100E+07        2235.00      38.82376    38.76890    37.89810
 .20100E+07        2245.00      38.81853    38.76305    37.89745
 .20100E+07        2255.00      38.81205    38.75577    37.89681
 .20100E+07        2265.00      38.80792    38.75115    37.89616
 .20100E+07        2275.00      38.80270    38.74529    37.89552
 .20100E+07        2285.00      38.79734    38.73926    37.89487
 .20100E+07        2295.00      38.78840    38.72912    37.89422
 .20100E+07        2305.00      38.78555    38.72595    37.89357
 .20100E+07        2315.00      38.77977    38.71941    37.89292
 .20100E+07        2325.00      38.76884    38.70693    37.89227
 .20100E+07        2335.00      38.76861    38.70676    37.89162
 .20100E+07        2345.00      38.76385    38.70136    37.89096
 .20100E+07        2355.00      38.75883    38.69567    37.89031
 .20100E+07        2365.00      38.75326    38.68932    37.88966
 .20100E+07        2375.00      38.74760    38.68286    37.88900
 .20100E+07        2385.00      38.74116    38.67549    37.88834
 .20100E+07        2395.00      38.73736    38.67117    37.88768
 .20100E+07        2405.00      38.73221    38.66528    37.88702
 .20100E+07        2415.00      38.72741    38.65978    37.88636
 .20100E+07        2425.00      38.72305    38.65480    37.88570
 .20100E+07        2435.00      38.71719    38.64805    37.88504
 .20100E+07        2445.00      38.71297    38.64321    37.88438
 .20100E+07        2455.00      38.70805    38.63754    37.88371
 .20100E+07        2465.00      38.70290    38.63160    37.88305
 .20100E+07        2475.00      38.69770    38.62559    37.88238
 .20100E+07        2485.00      38.69225    38.61927    37.88171
 .20100E+07        2495.00      38.67365    38.59730    37.88104
 .20100E+07        2505.00      38.68180    38.60713    37.88037
 .20100E+07        2513.00      38.67545    38.59968    37.87984
 .20100E+07        2518.00      38.67570    38.60005    37.87950
 .20100E+07        2525.00      38.67295    38.59686    37.87903
 .20100E+07        2535.00      38.66843    38.59160    37.87836
 .20100E+07        2545.00      38.66294    38.58517    37.87769
 .20100E+07        2555.00      38.65894    38.58051    37.87701
 .20100E+07        2565.00      38.65422    38.57499    37.87634
 .20100E+07        2575.00      38.64996    38.57001    37.87566
 .20100E+07        2585.00      38.64534    38.56459    37.87498
 .20100E+07        2595.00      38.64043    38.55881    37.87430
 .20100E+07        2605.00      38.63581    38.55337    37.87362
 .20100E+07        2615.00      38.63107    38.54778    37.87294
 .20100E+07        2625.00      38.62685    38.54279    37.87226
 .20100E+07        2635.00      38.62261    38.53780    37.87157
 .20100E+07        2645.00      38.61842    38.53284    37.87089
 .20100E+07        2655.00      38.61406    38.52768    37.87020
 .20100E+07        2665.00      38.60823    38.52071    37.86951
 .20100E+07        2675.00      38.60373    38.51535    37.86883
 .20100E+07        2685.00      38.60011    38.51108    37.86814
 .20100E+07        2695.00      38.59451    38.50435    37.86745
 .20100E+07        2705.00      38.59022    38.49923    37.86676
 .20100E+07        2715.00      38.58567    38.49377    37.86607
 .20100E+07        2725.00      38.58150    38.48878    37.86538
 .20100E+07        2735.00      38.57695    38.48330    37.86468
 .20100E+07        2745.00      38.57254    38.47799    37.86398
 .20100E+07        2755.00      38.56834    38.47293    37.86329
 .20100E+07        2765.00      38.56389    38.46756    37.86259
 .20100E+07        2775.00      38.56046    38.46345    37.86189
 .20100E+07        2785.00      38.55584    38.45784    37.86119
 .20100E+07        2795.00      38.54922    38.44971    37.86049
 .20100E+07        2805.00      38.54643    38.44639    37.85979
 .20100E+07        2815.00      38.54344    38.44280    37.85909
 .20100E+07        2825.00      38.53891    38.43726    37.85838
 .20100E+07        2835.00      38.53355    38.43066    37.85768
 .20100E+07        2845.00      38.53019    38.42659    37.85697
 .20100E+07        2855.00      38.52588    38.42131    37.85626
 .20100E+07        2865.00      38.52249    38.41668    37.85741
 .20100E+07        2875.00      38.51865    38.41145    37.85856
 .20100E+07        2885.00      38.51514    38.40663    37.85970
 .20100E+07        2895.00      38.51147    38.40159    37.86084
 .20100E+07        2910.00      38.50600    38.39404    37.86255
 .20100E+07        2930.00      38.49902    38.38430    37.86481
 .20100E+07        2950.00      38.49120    38.37338    37.86706
 .20100E+07        2970.00      38.48450    38.36386    37.86929
 .20100E+07        2990.00      38.47734    38.35365    37.87152
 .20100E+07        3010.00      38.47025    38.34345    37.87374
 .20100E+07        3030.00      38.46384    38.33407    37.87594
 .20100E+07        3050.00      38.45733    38.32449    37.87814
 .20100E+07        3070.00      38.45116    38.31529    37.88032
 .20100E+07        3090.00      38.44435    38.30514    37.88249
 .20100E+07        3110.00      38.43851    38.29623    37.88465
 .20100E+07        3130.00      38.43178    38.28602    37.88680
 .20100E+07        3150.00      38.42591    38.27691    37.88894
 .20100E+07        3170.00      38.41979    38.26736    37.89107
 .20100E+07        3190.00      38.41362    38.25766    37.89319
 .20100E+07        3210.00      38.40777    38.24833    37.89529
 .20100E+07        3230.00      38.40225    38.23939    37.89739
 .20100E+07        3250.00      38.39673    38.23036    37.89948
 .20100E+07        3270.00      38.39087    38.22074    37.90156
 .20100E+07        3290.00      38.38562    38.21195    37.90363
 .20100E+07        3310.00      38.38037    38.20305    37.90569
 .20100E+07        3330.00      38.37492    38.19378    37.90773
 .20100E+07        3350.00      38.36954    38.18422    37.91031
 .20100E+07        3370.00      38.36479    38.17552    37.91289
 .20100E+07        3390.00      38.36019    38.16695    37.91546
 .20100E+07        3410.00      38.35548    38.15812    37.91801
 .20100E+07        3430.00      38.33891    38.14857    37.88897
 .20100E+07        3450.00      38.33472    38.14066    37.89147
 .20100E+07        3470.00      38.33055    38.13269    37.89395
 .20100E+07        3490.00      38.32598    38.12400    37.89642
 .20100E+07        3510.00      38.32169    38.11566    37.89888
 .20100E+07        3530.00      38.31734    38.10713    37.90133
 .20100E+07        3550.00      38.31297    38.09848    37.90376
 .20100E+07        3570.00      38.30888    38.09018    37.90617
 .20100E+07        3590.00      38.30433    38.08101    37.90857
 .20100E+07        3610.00      38.30030    38.07262    37.91096
 .20100E+07        3630.00      38.29639    38.06433    37.91334
 .20100E+07        3640.00      38.29445    38.06016    37.91452
 .20100E+07        3650.00      38.15365    38.09566    37.25050
 .20100E+07        3670.00      38.14632    38.08756    37.24860
 .20100E+07        3690.00      38.13692    38.07706    37.24669
 .20100E+07        3710.00      38.12849    38.06767    37.24477
 .20100E+07        3730.00      38.12086    38.05916    37.24284
 .20100E+07        3750.00      38.11893    38.05724    37.24090
 .20100E+07        3770.00      38.11265    38.05029    37.23895
 .20100E+07        3790.00      38.11053    38.04815    37.23699
 .20100E+07        3810.00      38.10843    38.04602    37.23503
 .20100E+07        3830.00      38.09306    38.02855    37.23306
 .20100E+07        3850.00      38.09750    38.03400    37.23107
 .20100E+07        3870.00      38.09217    38.02815    37.22908
 .20100E+07        3890.00      38.07067    38.00348    37.22708
 .20100E+07        3910.00      38.08057    38.01534    37.22507
 .20100E+07        3930.00      38.07235    38.00610    37.22305
 .20100E+07        3950.00      38.06565    37.99862    37.22102
 .20100E+07        3970.00      38.04218    37.97147    37.21898
 .20100E+07        3990.00      38.05234    37.98376    37.21693
 .20100E+07        4010.00      38.04718    37.97807    37.21487
 .20100E+07        4030.00      38.03876    37.96853    37.21281
 .20100E+07        4050.00      38.03384    37.96311    37.21073
 .20100E+07        4070.00      38.02533    37.95346    37.20864
 .20100E+07        4090.00      38.01335    37.93968    37.20654
 .20100E+07        4110.00      37.99873    37.92271    37.20443
 .20100E+07        4130.00      38.00500    37.93057    37.20232
 .20100E+07        4150.00      37.99956    37.92450    37.20019
 .20100E+07        4170.00      37.99410    37.91841    37.19805
 .20100E+07        4190.00      37.98791    37.91145    37.19590
 .20100E+07        4210.00      37.98159    37.90432    37.19374
 .20100E+07        4230.00      37.97501    37.89688    37.19157
 .20100E+07        4250.00      37.96788    37.88877    37.18938
 .20100E+07        4270.00      37.96059    37.88046    37.18719
 .20100E+07        4290.00      37.95494    37.87410    37.18499
 .20100E+07        4310.00      37.94728    37.86532    37.18277
 .20100E+07        4330.00      37.93456    37.85039    37.18054
 .20100E+07        4350.00      37.92245    37.83614    37.17831
 .20100E+07        4370.00      37.92867    37.84420    37.17606
 .20100E+07        4390.00      37.92305    37.83785    37.17379
 .20100E+07        4410.00      37.91776    37.83189    37.17152
 .20100E+07        4430.00      37.91191    37.82527    37.16924
 .20100E+07        4450.00      37.90591    37.81845    37.16694
 .20100E+07        4470.00      37.89758    37.80876    37.16463
 .20100E+07        4490.00      37.89333    37.80408    37.16231
 .20100E+07        4510.00      37.88753    37.79748    37.15997
 .20100E+07        4530.00      37.88143    37.79051    37.15762
 .20100E+07        4550.00      37.87498    37.78311    37.15527
 .20100E+07        4570.00      37.86974    37.77719    37.15289
 .20100E+07        4590.00      37.86351    37.77004    37.15051
 .20100E+07        4610.00      37.85749    37.76315    37.14811
 .20100E+07        4630.00      37.85120    37.75592    37.14569
 .20100E+07        4650.00      37.84376    37.74722    37.14326
 .20100E+07        4670.00      37.83968    37.74274    37.14083
 .20100E+07        4690.00      37.83351    37.73563    37.13837
 .20100E+07        4710.00      37.82699    37.72808    37.13591
 .20100E+07        4730.00      37.82266    37.72329    37.13342
 .20100E+07        4750.00      37.81671    37.71644    37.13093
 .20100E+07        4770.00      37.81171    37.71079    37.12842
 .20100E+07        4790.00      37.80591    37.70412    37.12589
 .20100E+07        4810.00      37.79982    37.69710    37.12336
 .20100E+07        4830.00      37.79348    37.68974    37.12080
 .20100E+07        4850.00      37.78243    37.67638    37.11823
 .20100E+07        4870.00      37.76936    37.66036    37.11565
 .20100E+07        4890.00      37.77632    37.67001    37.11304
 .20100E+07        4910.00      37.77158    37.66468    37.11043
 .20100E+07        4930.00      37.76480    37.65674    37.10780
 .20100E+07        4950.00      37.76041    37.65185    37.10515
 .20100E+07        4970.00      37.75545    37.64623    37.10249
 .20100E+07        4990.00      37.74976    37.63968    37.09981
 .20100E+07        5010.00      37.74250    37.63109    37.09711
 .20100E+07        5030.00      37.73855    37.62679    37.09439
 .20100E+07        5050.00      37.73244    37.61967    37.09167
 .20100E+07        5070.00      37.72803    37.61477    37.08892
 .20100E+07        5090.00      37.72259    37.60854    37.08615
 .20100E+07        5110.00      37.71711    37.60223    37.08337
 .20100E+07        5130.00      37.71139    37.59563    37.08057
 .20100E+07        5150.00      37.70587    37.58928    37.07774
 .20100E+07        5170.00      37.70075    37.58346    37.07491
 .20100E+07        5190.00      37.69556    37.57755    37.07205
 .20100E+07        5210.00      37.69022    37.57142    37.06918
 .20100E+07        5230.00      37.68501    37.56548    37.06628
 .20100E+07        5250.00      37.67968    37.55939    37.06337
 .20100E+07        5270.00      37.67418    37.55306    37.06043
 .20100E+07        5290.00      37.66941    37.54771    37.05748
 .20100E+07        5310.00      37.66406    37.54159    37.05450
 .20100E+07        5330.00      37.65870    37.53546    37.05151
 .20100E+07        5350.00      37.65355    37.52960    37.04849
 .20100E+07        5370.00      37.64852    37.52392    37.04546
 .20100E+07        5390.00      37.64334    37.51803    37.04240
 .20100E+07        5410.00      37.63776    37.51161    37.03932
 .20100E+07        5430.00      37.63293    37.50620    37.03622
 .20100E+07        5450.00      37.62776    37.50033    37.03309
 .20100E+07        5470.00      37.62268    37.49459    37.02995
 .20100E+07        5490.00      37.61766    37.48893    37.02678
 .20100E+07        5510.00      37.61256    37.48318    37.02358
 .20100E+07        5530.00      37.60741    37.47736    37.02037
 .20100E+07        5550.00      37.60236    37.47166    37.01713
 .20100E+07        5570.00      37.59728    37.46595    37.01386
 .20100E+07        5590.00      37.59220    37.46023    37.01057
 .20100E+07        5610.00      37.58727    37.45473    37.00726
 .20100E+07        5630.00      37.58224    37.44910    37.00392
 .20100E+07        5650.00      37.57690    37.44305    37.00055
 .20100E+07        5670.00      37.57172    37.43721    36.99716
 .20100E+07        5690.00      37.56712    37.43218    36.99374
 .20100E+07        5710.00      37.56306    37.42742    36.99159
 .20100E+07        5730.00      37.55898    37.42216    36.99074
 .20100E+07        5750.00      37.55449    37.41631    36.98989
 .20100E+07        5770.00      37.55055    37.41121    36.98903
 .20100E+07        5790.00      37.54630    37.40567    36.98817
 .20100E+07        5810.00      37.54201    37.40006    36.98731
 .20100E+07        5830.00      37.53777    37.39450    36.98645
 .20100E+07        5850.00      37.53363    37.38908    36.98559
 .20100E+07        5870.00      37.52785    37.38135    36.98472
 .20100E+07        5890.00      37.52505    37.37777    36.98386
 .20100E+07        5910.00      37.52131    37.37286    36.98299
 .20100E+07        5930.00      37.51713    37.36732    36.98212
 .20100E+07        5950.00      37.51290    37.36171    36.98125
 .20100E+07        5970.00      37.50923    37.35686    36.98037
 .20100E+07        5990.00      37.50507    37.35132    36.97950
 .20100E+07        6010.00      37.50120    37.34617    36.97862
 .20100E+07        6030.00      37.49713    37.34073    36.97774
 .20100E+07        6050.00      37.49318    37.33543    36.97686
 .20100E+07        6070.00      37.48935    37.33031    36.97598
 .20100E+07        6090.00      37.48550    37.32513    36.97509
 .20100E+07        6110.00      37.48158    37.31985    36.97421
 .20100E+07        6130.00      37.47764    37.31454    36.97332
 .20100E+07        6150.00      37.47346    37.30885    36.97243
 .20100E+07        6170.00      37.46975    37.30383    36.97153
 .20100E+07        6190.00      37.46620    37.29905    36.97064
 .20100E+07        6210.00      37.46246    37.29395    36.96975
 .20100E+07        6230.00      37.45855    37.28862    36.96885
 .20100E+07        6250.00      37.45460    37.28319    36.96795
 .20100E+07        6270.00      37.45113    37.27847    36.96705
 .20100E+07        6290.00      37.44748    37.27348    36.96615
 .20100E+07        6310.00      37.44363    37.26817    36.96524
 .20100E+07        6330.00      37.44004    37.26324    36.96434
 .20100E+07        6350.00      37.43600    37.25762    36.96343
 .20100E+07        6370.00      37.43257    37.25290    36.96252
 .20100E+07        6390.00      37.42912    37.24815    36.96161
 .20100E+07        6410.00      37.42539    37.24296    36.96069
 .20100E+07        6430.00      37.42189    37.23810    36.95978
 .20100E+07        6450.00      37.41815    37.23286    36.95886
 .20100E+07        6470.00      37.41457    37.22785    36.95794
 .20100E+07        6490.00      37.41098    37.22283    36.95702
 .20100E+07        6510.00      37.40747    37.21791    36.95609
 .20100E+07        6530.00      37.40350    37.21227    36.95517
 .20100E+07        6550.00      37.39729    37.20311    36.95424
 .20100E+07        6570.00      37.38639    37.18649    36.95331
 .20100E+07        6590.00      37.39234    37.19641    36.95238
 .20100E+07        6610.00      37.39002    37.19329    36.95144
 .20100E+07        6630.00      37.38680    37.18875    36.95051
 .20100E+07        6650.00      37.38336    37.18387    36.94957
 .20100E+07        6670.00      37.37949    37.17829    36.94863
 .20100E+07        6690.00      37.37613    37.17349    36.94769
 .20100E+07        6710.00      37.37326    37.16946    36.94674
 .20100E+07        6730.00      37.36982    37.16453    36.94580
 .20100E+07        6750.00      37.36657    37.15987    36.94485
 .20100E+07        6770.00      37.36339    37.15533    36.94390
 .20100E+07        6790.00      37.35987    37.15023    36.94295
 .20100E+07        6810.00      37.35678    37.14581    36.94199
 .20100E+07        6830.00      37.35348    37.14104    36.94104
 .20100E+07        6850.00      37.35018    37.13625    36.94008
 .20100E+07        6870.00      37.34701    37.13168    36.93912
 .20100E+07        6890.00      37.34368    37.12682    36.93816
 .20100E+07        6910.00      37.34052    37.12223    36.93719
 .20100E+07        6930.00      37.33736    37.11764    36.93622
 .20100E+07        6950.00      37.33416    37.11295    36.93525
 .20100E+07        6970.00      37.33105    37.10842    36.93428
 .20100E+07        6990.00      37.32792    37.10384    36.93331
 .20100E+07        7010.00      37.32471    37.09914    36.93230
 .20100E+07        7030.00      37.32151    37.09446    36.93126
 .20100E+07        7050.00      37.31834    37.08981    36.93022
 .20100E+07        7070.00      37.31449    37.08401    36.92918
 .20100E+07        7090.00      37.31221    37.08086    36.92813
 .20100E+07        7110.00      37.30885    37.07587    36.92709
 .20100E+07        7130.00      37.30579    37.07139    36.92603
 .20100E+07        7150.00      37.30281    37.06702    36.92498
 .20100E+07        7170.00      37.29974    37.06248    36.92392
 .20100E+07        7190.00      37.29676    37.05811    36.92287
 .20100E+07        7210.00      37.29375    37.05368    36.92181
 .20100E+07        7230.00      37.29021    37.04830    36.92074
 .20100E+07        7250.00      37.28759    37.04451    36.91967
 .20100E+07        7270.00      37.28471    37.04027    36.91860
 .20100E+07        7290.00      37.28131    37.03510    36.91753
 .20100E+07        7310.00      37.27874    37.03139    36.91646
 .20100E+07        7330.00      37.27576    37.02694    36.91538
 .20100E+07        7350.00      37.27279    37.02250    36.91430
 .20100E+07        7370.00      37.26986    37.01813    36.91322
 .20100E+07        7390.00      37.26690    37.01368    36.91213
 .20100E+07        7410.00      37.26394    37.00924    36.91105
 .20100E+07        7430.00      37.26104    37.00489    36.90995
 .20100E+07        7450.00      37.25814    37.00054    36.90886
 .20100E+07        7470.00      37.25520    36.99609    36.90777
 .20100E+07        7490.00      37.25238    36.99187    36.90667
 .20100E+07        7510.00      37.24957    36.98764    36.90556
 .20100E+07        7530.00      37.24672    36.98334    36.90446
 .20100E+07        7550.00      37.24387    36.97902    36.90335
 .20100E+07        7570.00      37.24105    36.97478    36.90224
 .20100E+07        7590.00      37.23813    36.97031    36.90113
 .20100E+07        7610.00      37.23537    36.96616    36.90002
 .20100E+07        7630.00      37.23258    36.96193    36.89890
 .20100E+07        7650.00      37.22974    36.95758    36.89777
 .20100E+07        7670.00      37.22696    36.95336    36.89665
 .20100E+07        7690.00      37.22419    36.94915    36.89552
 .20100E+07        7710.00      37.22142    36.94492    36.89439
 .20100E+07        7730.00      37.21864    36.94067    36.89326
 .20100E+07        7750.00      37.21587    36.93643    36.89212
 .20100E+07        7770.00      37.21285    36.93170    36.89098
 .20100E+07        7790.00      37.21047    36.92819    36.88984
 .20100E+07        7810.00      37.20773    36.92399    36.88869
 .20100E+07        7830.00      37.20501    36.91981    36.88755
 .20100E+07        7850.00      37.20222    36.91550    36.88639
 .20100E+07        7870.00      37.19951    36.91133    36.88524
 .20100E+07        7890.00      37.19677    36.90709    36.88408
 .20100E+07        7910.00      37.19421    36.90321    36.88292
 .20100E+07        7930.00      37.19150    36.89901    36.88176
 .20100E+07        7950.00      37.18877    36.89478    36.88059
 .20100E+07        7970.00      37.18623    36.89091    36.87943
 .20100E+07        7990.00      37.18353    36.88671    36.87825
 .20100E+07        8010.00      37.18096    36.88277    36.87708
 .20100E+07        8030.00      37.17834    36.87871    36.87589
 .20100E+07        8050.00      37.17570    36.87464    36.87471
 .20100E+07        8070.00      37.17317    36.87075    36.87353
 .20100E+07        8090.00      37.17049    36.86657    36.87234
 .20100E+07        8110.00      37.16782    36.86238    36.87114
 .20100E+07        8130.00      37.16540    36.85872    36.86995
 .20100E+07        8150.00      37.16270    36.85448    36.86875
 .20100E+07        8170.00      37.16022    36.85067    36.86755
 .20100E+07        8190.00      37.15744    36.84624    36.86634
 .20100E+07        8210.00      37.02068    36.84948    36.53362
 .20100E+07        8230.00      37.01774    36.84542    36.53297
 .20100E+07        8250.00      37.01523    36.84200    36.53232
 .20100E+07        8270.00      37.01220    36.83781    36.53166
 .20100E+07        8290.00      37.00966    36.83433    36.53101
 .20100E+07        8310.00      37.00686    36.83045    36.53035
 .20100E+07        8330.00      37.00391    36.82636    36.52970
 .20100E+07        8350.00      37.00095    36.82223    36.52904
 .20100E+07        8370.00      36.99828    36.81854    36.52838
 .20100E+07        8390.00      36.99557    36.81477    36.52773
 .20100E+07        8410.00      36.99265    36.81068    36.52706
 .20100E+07        8430.00      36.98959    36.80636    36.52640
 .20100E+07        8450.00      36.98642    36.80187    36.52574
 .20100E+07        8470.00      36.98363    36.79794    36.52508
 .20100E+07        8490.00      36.98141    36.79489    36.52441
 .20100E+07        8510.00      36.97757    36.78934    36.52375
 .20100E+07        8530.00      36.97649    36.78803    36.52308
 .20100E+07        8550.00      36.97095    36.77984    36.52242
 .20100E+07        8570.00      36.97233    36.78233    36.52174
 .20100E+07        8590.00      36.96648    36.77362    36.52108
 .20100E+07        8610.00      36.96380    36.76981    36.52041
 .20100E+07        8630.00      36.96527    36.77248    36.51974
 .20100E+07        8650.00      36.96059    36.76554    36.51907
 .20100E+07        8670.00      36.95286    36.75376    36.51839
 .20100E+07        8690.00      36.95682    36.76040    36.51772
 .20100E+07        8710.00      36.95565    36.75894    36.51704
 .20100E+07        8730.00      36.95119    36.75230    36.51637
 .20100E+07        8750.00      36.94160    36.73746    36.51569
 .20100E+07        8770.00      36.94477    36.74292    36.51501
 .20100E+07        8790.00      36.94543    36.74437    36.51433
 .20100E+07        8810.00      36.94315    36.74114    36.51365
 .20100E+07        8830.00      36.93998    36.73649    36.51297
 .20100E+07        8850.00      36.93339    36.72632    36.51228
 .20100E+07        8870.00      36.92592    36.71466    36.51160
 .20100E+07        8890.00      36.93149    36.72410    36.51091
 .20100E+07        8910.00      36.93043    36.72281    36.51023
 .20100E+07        8930.00      36.92808    36.71944    36.50954
 .20100E+07        8950.00      36.92577    36.71613    36.50885
 .20100E+07        8970.00      36.92302    36.71210    36.50816
 .20100E+07        8990.00      36.91869    36.70548    36.50747
 .20100E+07        9010.00      36.90873    36.68954    36.50678
 .20100E+07        9030.00      36.91001    36.69210    36.50609
 .20100E+07        9050.00      36.91235    36.69641    36.50539
 .20100E+07        9070.00      36.91015    36.69324    36.50470
 .20100E+07        9090.00      36.90811    36.69032    36.50401
 .20100E+07        9110.00      36.90608    36.68742    36.50330
 .20100E+07        9130.00      36.90376    36.68404    36.50261
 .20100E+07        9150.00      36.90130    36.68042    36.50191
 .20100E+07        9170.00      36.89856    36.67632    36.50121
 .20100E+07        9190.00      36.89572    36.67204    36.50050
 .20100E+07        9210.00      36.89063    36.66397    36.49980
 .20100E+07        9230.00      36.88024    36.64683    36.49910
 .20100E+07        9250.00      36.88550    36.65628    36.49839
 .20100E+07        9270.00      36.88559    36.65692    36.49769
 .20100E+07        9290.00      36.88428    36.65518    36.49698
 .20100E+07        9310.00      36.88195    36.65173    36.49627
 .20100E+07        9330.00      36.87973    36.64846    36.49556
 .20100E+07        9350.00      36.87726    36.64474    36.49485
 .20100E+07        9370.00      36.87513    36.64160    36.49414
 .20100E+07        9390.00      36.87282    36.63815    36.49343
 .20100E+07        9410.00      36.87015    36.63407    36.49271
 .20100E+07        9430.00      36.86814    36.63112    36.49200
 .20100E+07        9450.00      36.86575    36.62753    36.49128
 .20100E+07        9470.00      36.86319    36.62361    36.49056
 .20100E+07        9490.00      36.86095    36.62024    36.48985
 .20100E+07        9510.00      36.85767    36.61507    36.48912
 .20100E+07        9530.00      36.85267    36.60683    36.48840
 .20100E+07        9550.00      36.84344    36.59100    36.48768
 .20100E+07        9570.00      36.84937    36.60212    36.48695
 .20100E+07        9590.00      36.84918    36.60234    36.48623
 .20100E+07        9610.00      36.84721    36.59940    36.48550
 .20100E+07        9630.00      36.84482    36.59573    36.48478
 .20100E+07        9650.00      36.84309    36.59324    36.48405
 .20100E+07        9670.00      36.84085    36.58981    36.48332
 .20100E+07        9690.00      36.83869    36.58653    36.48259
 .20100E+07        9710.00      36.83609    36.58246    36.48185
 .20100E+07        9730.00      36.83428    36.57979    36.48112
 .20100E+07        9750.00      36.83207    36.57639    36.48038
 .20100E+07        9770.00      36.82991    36.57309    36.47965
 .20100E+07        9790.00      36.82775    36.56978    36.47891
 .20100E+07        9810.00      36.82556    36.56642    36.47817
 .20100E+07        9830.00      36.82337    36.56304    36.47743
 .20100E+07        9850.00      36.82117    36.55965    36.47669
 .20100E+07        9870.00      36.81900    36.55628    36.47595
 .20100E+07        9890.00      36.81676    36.55281    36.47520
 .20100E+07        9910.00      36.81450    36.54926    36.47446
 .20100E+07        9930.00      36.81257    36.54634    36.47372
 .20100E+07        9950.00      36.81039    36.54293    36.47297
 .20100E+07        9970.00      36.80822    36.53955    36.47222
 .20100E+07        9990.00      36.80600    36.53606    36.47147
 .20100E+07       10025.00      36.79946    36.52498    36.47015
 .20100E+07       10075.00      36.79312    36.51468    36.46827
 .20100E+07       10125.00      36.79143    36.51317    36.46637
 .20100E+07       10175.00      36.78697    36.50640    36.46447
 .20100E+07       10225.00      36.78194    36.49852    36.46255
 .20100E+07       10275.00      36.77689    36.49056    36.46064
 .20100E+07       10325.00      36.77156    36.48204    36.45871
 .20100E+07       10375.00      36.76658    36.47416    36.45677
 .20100E+07       10425.00      36.76163    36.46631    36.45483
 .20100E+07       10475.00      36.75664    36.45832    36.45287
 .20100E+07       10525.00      36.75172    36.45046    36.45090
 .20100E+07       10575.00      36.74686    36.44270    36.44894
 .20100E+07       10625.00      36.74196    36.43482    36.44695
 .20100E+07       10675.00      36.73703    36.42685    36.44496
 .20100E+07       10725.00      36.73247    36.41959    36.44296
 .20100E+07       10775.00      36.72771    36.41191    36.44096
 .20100E+07       10825.00      36.72237    36.40300    36.43893
 .20100E+07       10875.00      36.71776    36.39557    36.43691
 .20100E+07       10925.00      36.70850    36.37823    36.43487
 .20100E+07       10975.00      36.70728    36.37795    36.43282
 .20100E+07       11025.00      36.70403    36.37334    36.43077
 .20100E+07       11075.00      36.69971    36.36644    36.42870
 .20100E+07       11125.00      36.69505    36.35877    36.42663
 .20100E+07       11175.00      36.69061    36.35157    36.42454
 .20100E+07       11225.00      36.68615    36.34428    36.42245
 .20100E+07       11275.00      36.68148    36.33653    36.42034
 .20100E+07       11325.00      36.67699    36.32914    36.41822
 .20100E+07       11375.00      36.67257    36.32188    36.41610
 .20100E+07       11425.00      36.66820    36.31472    36.41396
 .20100E+07       11475.00      36.66394    36.30779    36.41181
 .20100E+07       11525.00      36.65957    36.30061    36.40965
 .20100E+07       11575.00      36.65514    36.29324    36.40748
 .20100E+07       11625.00      36.65057    36.28556    36.40530
 .20100E+07       11675.00      36.64635    36.27865    36.40311
 .20100E+07       11725.00      36.64227    36.27205    36.40091
 .20100E+07       11775.00      36.63784    36.26461    36.39869
 .20100E+07       11825.00      36.63362    36.25766    36.39647
 .20100E+07       11875.00      36.62926    36.25037    36.39423
 .20100E+07       11925.00      36.62524    36.24387    36.39198
 .20100E+07       11975.00      36.62071    36.23613    36.38972
 .20100E+07       12025.00      36.61686    36.23002    36.38745
 .20100E+07       12075.00      36.61262    36.22295    36.38517
 .20100E+07       12125.00      36.60840    36.21591    36.38287
 .20100E+07       12175.00      36.60431    36.20919    36.38057
 .20100E+07       12225.00      36.60017    36.20236    36.37825
 .20100E+07       12275.00      36.59608    36.19560    36.37592
 .20100E+07       12325.00      36.59198    36.18884    36.37357
 .20100E+07       12375.00      36.58787    36.18203    36.37121
 .20100E+07       12425.00      36.58388    36.17551    36.36884
 .20100E+07       12475.00      36.57980    36.16879    36.36646
 .20100E+07       12525.00      36.57572    36.16204    36.36406
 .20100E+07       12575.00      36.57168    36.15538    36.36165
 .20100E+07       12625.00      36.56761    36.14865    36.35923
 .20100E+07       12675.00      36.56365    36.14221    36.35679
 .20100E+07       12725.00      36.55962    36.13559    36.35434
 .20100E+07       12775.00      36.55478    36.12677    36.35188
 .20100E+07       12825.00      36.54759    36.11158    36.34940
 .20100E+07       12875.00      36.54717    36.11472    36.34690
 .20100E+07       12925.00      36.54368    36.10953    36.34439
 .20100E+07       12975.00      36.53967    36.10295    36.34187
 .20100E+07       13025.00      36.53587    36.09696    36.33933
 .20100E+07       13075.00      36.53193    36.09058    36.33678
 .20100E+07       13125.00      36.52790    36.08395    36.33421
 .20100E+07       13175.00      36.52398    36.07764    36.33163
 .20100E+07       13225.00      36.52012    36.07150    36.32904
 .20100E+07       13275.00      36.51615    36.06509    36.32642
 .20100E+07       13325.00      36.51223    36.05879    36.32379
 .20100E+07       13375.00      36.50831    36.05252    36.32115
 .20100E+07       13425.00      36.50445    36.04641    36.31849
 .20100E+07       13475.00      36.50060    36.04036    36.31581
 .20100E+07       13525.00      36.49668    36.03413    36.31312
 .20100E+07       13575.00      36.49274    36.02785    36.31040
 .20100E+07       13625.00      36.48880    36.02158    36.30768
 .20100E+07       13675.00      36.48497    36.01563    36.30493
 .20100E+07       13725.00      36.48106    36.00950    36.30217
 .20100E+07       13775.00      36.47722    36.00356    36.29939
 .20100E+07       13825.00      36.47332    35.99746    36.29659
 .20100E+07       13875.00      36.46938    35.99130    36.29377
 .20100E+07       13925.00      36.46552    35.98535    36.29094
 .20100E+07       13975.00      36.46168    35.97951    36.28809
 .20100E+07       14025.00      36.45776    35.97348    36.28521
 .20100E+07       14075.00      36.45388    35.96756    36.28232
 .20100E+07       14125.00      36.44991    35.96140    36.27941
 .20100E+07       14175.00      36.44610    35.95575    36.27648
 .20100E+07       14225.00      36.44221    35.94989    36.27353
 .20100E+07       14275.00      36.43829    35.94396    36.27056
 .20100E+07       14325.00      36.43443    35.93824    36.26757
 .20100E+07       14375.00      36.43050    35.93235    36.26456
 .20100E+07       14425.00      36.42642    35.92600    36.26152
 .20100E+07       14475.00      36.42265    35.92067    36.25847
 .20100E+07       14525.00      36.41866    35.91470    36.25539
 .20100E+07       14570.00      36.41516    35.90965    36.25260
 .20100E+07       14620.00      36.30225    35.90715    36.07849
 .20100E+07       14675.00      36.29896    35.90094    36.07716
 .20100E+07       14725.00      36.29597    35.89527    36.07595
 .20100E+07       14775.00      36.29296    35.88951    36.07474
 .20100E+07       14825.00      36.29005    35.88401    36.07352
 .20100E+07       14875.00      36.28701    35.87812    36.07230
 .20100E+07       14925.00      36.28424    35.87293    36.07108
 .20100E+07       14975.00      36.28130    35.86726    36.06985
 .20100E+07       15025.00      36.27828    35.86140    36.06863
 .20100E+07       15075.00      36.27532    35.85563    36.06739
 .20100E+07       15125.00      36.27251    35.85023    36.06615
 .20100E+07       15175.00      36.26965    35.84471    36.06491
 .20100E+07       15225.00      36.26678    35.83914    36.06367
 .20100E+07       15275.00      36.26393    35.83358    36.06242
 .20100E+07       15325.00      36.26102    35.82785    36.06117
 .20100E+07       15375.00      36.25828    35.82255    36.05991
 .20100E+07       15425.00      36.25532    35.81662    36.05865
 .20100E+07       15475.00      36.25280    35.81190    36.05740
 .20100E+07       15525.00      36.24998    35.80633    36.05613
 .20100E+07       15575.00      36.24682    35.79979    36.05486
 .20100E+07       15625.00      36.24484    35.79654    36.05359
 .20100E+07       15675.00      36.24153    35.78954    36.05231
 .20100E+07       15725.00      36.23858    35.78350    36.05103
 .20100E+07       15775.00      36.23678    35.78074    36.04974
 .20100E+07       15825.00      36.23404    35.77530    36.04845
 .20100E+07       15875.00      36.22980    35.76550    36.04716
 .20100E+07       15925.00      36.22836    35.76376    36.04587
 .20100E+07       15975.00      36.22641    35.76057    36.04457
 .20100E+07       16050.00      36.22200    35.75139    36.04261
 .20100E+07       16150.00      36.21600    35.73871    36.03999
 .20100E+07       16250.00      36.21211    35.73233    36.03735
 .20100E+07       16350.00      36.20641    35.72040    36.03469
 .20100E+07       16450.00      36.20049    35.70771    36.03202
 .20100E+07       16550.00      36.19675    35.70174    36.02933
 .20100E+07       16650.00      36.19170    35.69165    36.02663
 .20100E+07       16750.00      36.18600    35.67947    36.02390
 .20100E+07       16850.00      36.18017    35.66673    36.02116
 .20100E+07       16950.00      36.17667    35.66153    36.01841
 .20100E+07       17050.00      36.17161    35.65122    36.01563
 .20100E+07       17150.00      36.16689    35.64202    36.01284
 .20100E+07       17250.00      36.16187    35.63175    36.01003
 .20100E+07       17350.00      36.15513    35.61554    36.00720
 .20100E+07       17450.00      36.15191    35.61139    36.00435
 .20100E+07       17550.00      36.14746    35.60300    36.00149
 .20100E+07       17650.00      36.14269    35.59348    35.99860
 .20100E+07       17750.00      36.13788    35.58377    35.99570
 .20100E+07       17850.00      36.13313    35.57429    35.99277
 .20100E+07       17950.00      36.12847    35.56510    35.98983
 .20100E+07       18050.00      36.12365    35.55529    35.98687
 .20100E+07       18150.00      36.11731    35.53975    35.98388
 .20100E+07       18250.00      36.11387    35.53511    35.98088
 .20100E+07       18350.00      36.10970    35.52773    35.97785
 .20100E+07       18450.00      36.10505    35.51855    35.97480
 .20100E+07       18550.00      36.10036    35.50917    35.97174
 .20100E+07       18650.00      36.09547    35.49904    35.96865
 .20100E+07       18750.00      36.08948    35.48444    35.96553
 .20100E+07       18850.00      36.08647    35.48181    35.96240
 .20100E+07       18950.00      36.08191    35.47295    35.95924
 .20100E+07       19050.00      36.07735    35.46415    35.95606
 .20100E+07       19150.00      36.07288    35.45572    35.95285
 .20100E+07       19250.00      36.06830    35.44687    35.94963
 .20100E+07       19350.00      36.06353    35.43724    35.94637
 .20100E+07       19450.00      36.05741    35.42182    35.94310
 .20100E+07       19550.00      36.05444    35.41994    35.93980
 .20100E+07       19650.00      36.05006    35.41209    35.93647
 .20100E+07       19750.00      36.04547    35.40332    35.93312
 .20100E+07       19850.00      36.04092    35.39479    35.92974
 .20100E+07       19950.00      36.03638    35.38631    35.92633
 .20100E+07       20050.00      36.03186    35.37801    35.92290
 .20100E+07       20150.00      36.02732    35.36964    35.91944
 .20100E+07       20250.00      36.02272    35.36107    35.91595
 .20100E+07       20350.00      36.01821    35.35298    35.91244
 .20100E+07       20450.00      36.01369    35.34492    35.90889
 .20100E+07       20550.00      36.00908    35.33648    35.90532
 .20100E+07       20650.00      36.00450    35.32826    35.90172
 .20100E+07       20750.00      35.99987    35.31985    35.89808
 .20100E+07       20850.00      35.99532    35.31198    35.89442
 .20100E+07       20950.00      35.99073    35.30394    35.89072
 .20100E+07       21050.00      35.98614    35.29597    35.88700
 .20100E+07       21150.00      35.98141    35.28743    35.88324
 .20100E+07       21250.00      35.97678    35.27953    35.87945
 .20100E+07       21350.00      35.97217    35.27174    35.87562
 .20100E+07       21450.00      35.96752    35.26393    35.87176
 .20100E+07       21550.00      35.96276    35.25560    35.86787
 .20100E+07       21650.00      35.95673    35.24088    35.86394
 .20100E+07       21750.00      35.95320    35.23916    35.85997
 .20100E+07       21850.00      35.94868    35.23251    35.85597
 .20100E+07       21950.00      35.94400    35.22510    35.85193
 .20100E+07       22050.00      35.93921    35.21727    35.84785
 .20100E+07       22150.00      35.93443    35.20963    35.84374
 .20100E+07       22250.00      35.92957    35.20172    35.83959
 .20100E+07       22350.00      35.92477    35.19432    35.83539
 .20100E+07       22450.00      35.91994    35.18684    35.83116
 .20100E+07       22550.00      35.91505    35.17923    35.82688
 .20100E+07       22650.00      35.91011    35.17154    35.82256
 .20100E+07       22750.00      35.90520    35.16418    35.81820
 .20100E+07       22850.00      35.82869    35.15828    35.72434
 .20100E+07       22950.00      35.82581    35.15125    35.72257
 .20100E+07       23050.00      35.82292    35.14418    35.72080
 .20100E+07       23150.00      35.81998    35.13682    35.71902
 .20100E+07       23250.00      35.81693    35.12891    35.71723
 .20100E+07       23350.00      35.81406    35.12190    35.71544
 .20100E+07       23450.00      35.81119    35.11478    35.71363
 .20100E+07       23550.00      35.80820    35.10708    35.71182
 .20100E+07       23650.00      35.80534    35.09999    35.71001
 .20100E+07       23750.00      35.80241    35.09258    35.70818
 .20100E+07       23850.00      35.79951    35.08520    35.70634
 .20100E+07       23950.00      35.79671    35.07840    35.70451
 .20100E+07       24050.00      35.79387    35.07132    35.70266
 .20100E+07       24150.00      35.79095    35.06383    35.70080
 .20100E+07       24250.00      35.78812    35.05677    35.69894
 .20100E+07       24350.00      35.78535    35.05005    35.69706
 .20100E+07       24450.00      35.78251    35.04293    35.69518
 .20100E+07       24550.00      35.77973    35.03616    35.69329
 .20100E+07       24650.00      35.77692    35.02917    35.69139
 .20100E+07       24750.00      35.77408    35.02199    35.68949
 .20100E+07       24850.00      35.77138    35.01562    35.68758
 .20100E+07       24950.00      35.76851    35.00828    35.68565
 .20100E+07       25050.00      35.76602    35.00313    35.68372
 .20100E+07       25150.00      35.76313    34.99566    35.68178
 .20100E+07       25250.00      35.76011    34.98741    35.67983
 .20100E+07       25350.00      35.75759    34.98209    35.67788
 .20100E+07       25450.00      35.75493    34.97596    35.67591
 .20100E+07       25550.00      35.75208    34.96873    35.67393
 .20100E+07       25650.00      35.74905    34.96035    35.67195
 .20100E+07       25750.00      35.74661    34.95557    35.66996
 .20100E+07       25850.00      35.74395    34.94949    35.66796
 .20100E+07       25950.00      35.74123    34.94305    35.66595
 .20100E+07       26050.00      35.73833    34.93546    35.66393
 .20100E+07       26150.00      35.73523    34.92661    35.66190
 .20100E+07       26250.00      35.73187    34.91601    35.65985
 .20100E+07       26350.00      35.73015    34.91609    35.65781
 .20100E+07       26450.00      35.72759    34.91075    35.65575
 .20100E+07       26550.00      35.72486    34.90435    35.65368
 .20100E+07       26650.00      35.72201    34.89712    35.65160
 .20100E+07       26750.00      35.71883    34.88769    35.64951
 .20100E+07       26850.00      35.71658    34.88461    35.64741
 .20100E+07       26950.00      35.71399    34.87920    35.64530
 .20100E+07       27050.00      35.71128    34.87305    35.64318
 .20100E+07       27150.00      35.70855    34.86675    35.64105
 .20100E+07       27250.00      35.70580    34.86037    35.63891
 .20100E+07       27350.00      35.70308    34.85422    35.63676
 .20100E+07       27450.00      35.70031    34.84769    35.63460
 .20100E+07       27550.00      35.69705    34.83778    35.63243
 .20100E+07       27650.00      35.69461    34.83374    35.63024
 .20100E+07       27750.00      35.69211    34.82926    35.62805
 .20100E+07       27850.00      35.68942    34.82356    35.62584
 .20100E+07       27950.00      35.68670    34.81764    35.62363
 .20100E+07       28050.00      35.68396    34.81156    35.62140
 .20100E+07       28150.00      35.68120    34.80545    35.61916
 .20100E+07       28250.00      35.67843    34.79930    35.61691
 .20100E+07       28350.00      35.67569    34.79343    35.61464
 .20100E+07       28450.00      35.67294    34.78746    35.61237
 .20100E+07       28550.00      35.67015    34.78132    35.61008
 .20100E+07       28650.00      35.66720    34.77394    35.60778
 .20100E+07       28750.00      35.66393    34.76412    35.60547
 .20100E+07       28850.00      35.66177    34.76305    35.60315
 .20100E+07       28950.00      35.65907    34.75784    35.60081
 .20100E+07       29050.00      35.65630    34.75214    35.59846
 .20100E+07       29150.00      35.65350    34.74622    35.59610
 .20100E+07       29250.00      35.65068    34.74022    35.59373
 .20100E+07       29350.00      35.64790    34.73465    35.59134
 .20100E+07       29450.00      35.64509    34.72892    35.58894
 .20100E+07       29550.00      35.64228    34.72320    35.58652
 .20100E+07       29650.00      35.63945    34.71741    35.58410
 .20100E+07       29750.00      35.63660    34.71155    35.58166
 .20100E+07       29850.00      35.63378    34.70599    35.57920
 .20100E+07       29950.00      35.63094    34.70036    35.57673
 .20100E+07       30050.00      35.62808    34.69468    35.57425
 .20100E+07       30150.00      35.62520    34.68892    35.57175
 .20100E+07       30250.00      35.62227    34.68276    35.56924
 .20100E+07       30350.00      35.61891    34.67290    35.56671
 .20100E+07       30450.00      35.61624    34.66925    35.56417
 .20100E+07       30550.00      35.61364    34.66634    35.56161
 .20100E+07       30650.00      35.61076    34.66101    35.55904
 .20100E+07       30750.00      35.60784    34.65541    35.55646
 .20100E+07       30850.00      35.60492    34.64997    35.55386
 .20100E+07       30950.00      35.60200    34.64463    35.55124
 .20100E+07       31050.00      35.59906    34.63918    35.54861
 .20100E+07       31150.00      35.59608    34.63354    35.54596
 .20100E+07       31250.00      35.59311    34.62806    35.54329
 .20100E+07       31350.00      35.59015    34.62277    35.54061
 .20100E+07       31450.00      35.58716    34.61744    35.53791
 .20100E+07       31550.00      35.58416    34.61205    35.53519
 .20100E+07       31650.00      35.58114    34.60662    35.53246
 .20100E+07       31750.00      35.57811    34.60116    35.52971
 .20100E+07       31850.00      35.57508    34.59599    35.52694
 .20100E+07       31950.00      35.57204    34.59077    35.52415
 .20100E+07       32100.00      35.56745    34.58286    35.51994
 .20100E+07       32300.00      35.56125    34.57220    35.51426
 .20100E+07       32500.00      35.55502    34.56180    35.50851
 .20100E+07       32700.00      35.54874    34.55157    35.50267
 .20100E+07       32900.00      35.49780    34.53738    35.44741
 .20100E+07       33100.00      35.49451    34.53029    35.44460
 .20100E+07       33300.00      35.49097    34.52081    35.44176
 .20100E+07       33500.00      35.48735    34.51074    35.43891
 .20100E+07       33700.00      35.48375    34.50091    35.43604
 .20100E+07       33900.00      35.48013    34.49100    35.43315
 .20100E+07       34100.00      35.47650    34.48093    35.43024
 .20100E+07       34300.00      35.47285    34.47079    35.42731
 .20100E+07       34500.00      35.46917    34.46047    35.42437
 .20100E+07       34700.00      35.46554    34.45072    35.42140
 .20100E+07       34900.00      35.46190    34.44090    35.41841
 .20100E+07       35100.00      35.45825    34.43119    35.41540
 .20100E+07       35300.00      35.45461    34.42154    35.41237
 .20100E+07       35500.00      35.45094    34.41182    35.40932
 .20100E+07       35700.00      35.44730    34.40255    35.40625
 .20100E+07       35900.00      35.44366    34.39332    35.40315
 .20100E+07       36100.00      35.43998    34.38384    35.40004
 .20100E+07       36300.00      35.43629    34.37444    35.39690
 .20100E+07       36500.00      35.43255    34.36454    35.39373
 .20100E+07       36700.00      35.42890    34.35590    35.39054
 .20100E+07       36900.00      35.42516    34.34630    35.38734
 .20100E+07       37100.00      35.42146    34.33743    35.38410
 .20100E+07       37300.00      35.41756    34.32638    35.38084
 .20100E+07       37500.00      35.41368    34.31573    35.37756
 .20100E+07       37700.00      35.41021    34.31026    35.37426
 .20100E+07       37900.00      35.40646    34.30167    35.37093
 .20100E+07       38100.00      35.40261    34.29210    35.36757
 .20100E+07       38300.00      35.39881    34.28324    35.36418
 .20100E+07       38500.00      35.39501    34.27474    35.36077
 .20100E+07       38700.00      35.39119    34.26624    35.35733
 .20100E+07       38900.00      35.38732    34.25736    35.35387
 .20100E+07       39100.00      35.38337    34.24765    35.35037
 .20100E+07       39300.00      35.37956    34.24015    35.34685
 .20100E+07       39500.00      35.37563    34.23138    35.34330
 .20100E+07       39700.00      35.37172    34.22318    35.33972
 .20100E+07       39900.00      35.36777    34.21474    35.33611
 .20100E+07       40100.00      35.36372    34.20525    35.33247
 .20100E+07       40300.00      35.35968    34.19622    35.32880
 .20100E+07       40500.00      35.35548    34.18527    35.32510
 .20100E+07       40700.00      35.35170    34.18082    35.32137
 .20100E+07       40900.00      35.34766    34.17292    35.31760
 .20100E+07       41100.00      35.34357    34.16473    35.31380
 .20100E+07       41300.00      35.33943    34.15630    35.30997
 .20100E+07       41500.00      35.33525    34.14762    35.30610
 .20100E+07       41700.00      35.33096    34.13764    35.30220
 .20100E+07       41900.00      35.32690    34.13172    35.29826
 .20100E+07       42100.00      35.32268    34.12399    35.29429
 .20100E+07       42300.00      35.31842    34.11598    35.29028
 .20100E+07       42500.00      35.31411    34.10769    35.28623
 .20100E+07       42700.00      35.30981    34.10006    35.28215
 .20100E+07       42900.00      35.30543    34.09188    35.27802
 .20100E+07       43100.00      35.30104    34.08395    35.27386
 .20100E+07       43300.00      35.29662    34.07610    35.26966
 .20100E+07       43500.00      35.29212    34.06763    35.26541
 .20100E+07       43700.00      35.28749    34.05760    35.26113
 .20100E+07       43900.00      35.28307    34.05166    35.25680
 .20100E+07       44100.00      35.27854    34.04463    35.25243
 .20100E+07       44300.00      35.27393    34.03698    35.24801
 .20100E+07       44500.00      35.26928    34.02916    35.24355
 .20100E+07       44700.00      35.23566    34.02182    35.20827
 .20100E+07       44900.00      35.23518    34.01452    35.20823
 .20100E+07       45100.00      35.23469    34.00694    35.20819
 .20100E+07       45300.00      35.23420    33.99928    35.20815
 .20100E+07       45500.00      35.23372    33.99174    35.20810
 .20100E+07       45700.00      35.23327    33.98463    35.20805
 .20100E+07       45900.00      35.23281    33.97718    35.20801
 .20100E+07       46100.00      35.23237    33.96994    35.20797
 .20100E+07       46300.00      35.23192    33.96231    35.20792
 .20100E+07       46500.00      35.23125    33.95060    35.20788
 .20100E+07       46700.00      35.23089    33.94437    35.20783
 .20100E+07       46900.00      35.23064    33.94035    35.20779
 .20100E+07       47100.00      35.23027    33.93387    35.20774
 .20100E+07       47300.00      35.22987    33.92685    35.20770
 .20100E+07       47500.00      35.22946    33.91945    35.20765
 .20100E+07       47700.00      35.22909    33.91261    35.20761
 .20100E+07       47900.00      35.22871    33.90571    35.20757
 .20100E+07       48100.00      35.22834    33.89862    35.20752
 .20100E+07       48300.00      35.22797    33.89169    35.20748
 .20100E+07       48500.00      35.22760    33.88451    35.20743
 .20100E+07       48700.00      35.22726    33.87782    35.20739
 .20100E+07       48900.00      35.22692    33.87115    35.20734
 .20100E+07       49100.00      35.22659    33.86443    35.20730
 .20100E+07       49300.00      35.22625    33.85759    35.20725
 .20100E+07       49500.00      35.22591    33.85069    35.20721
 .20100E+07       49700.00      35.22558    33.84380    35.20716
 .20100E+07       49900.00      35.22525    33.83675    35.20712
 .20100E+07       50100.00      35.22500    33.83180    35.20708
 .20100E+07       50300.00      35.22484    33.82888    35.20703
 .20100E+07       50500.00      35.22468    33.82591    35.20699
 .20100E+07       50700.00      35.22453    33.82307    35.20694
 .20100E+07       50900.00      35.22437    33.82019    35.20690
 .20100E+07       51100.00      35.22419    33.81677    35.20685
 .20100E+07       51300.00      35.22392    33.81075    35.20681
 .20100E+07       51500.00      35.22390    33.81137    35.20676
 .20100E+07       51700.00      35.22376    33.80901    35.20672
 .20100E+07       51900.00      35.22361    33.80623    35.20667
 .20100E+07       52100.00      35.22346    33.80350    35.20663
 .20100E+07       52300.00      35.22332    33.80074    35.20658
 .20100E+07       52500.00      35.22318    33.79807    35.20654
 .20100E+07       52700.00      35.22303    33.79542    35.20650
 .20100E+07       52900.00      35.22289    33.79265    35.20645
 .20100E+07       53100.00      35.22274    33.79002    35.20641
 .20100E+07       53300.00      35.22260    33.78738    35.20636
 .20100E+07       53500.00      35.22247    33.78476    35.20632
 .20100E+07       53700.00      35.22233    33.78215    35.20627
 .20100E+07       53900.00      35.22219    33.77956    35.20623
 .20100E+07       54100.00      35.22205    33.77698    35.20618
 .20100E+07       54300.00      35.22192    33.77435    35.20614
 .20100E+07       54500.00      35.22179    33.77186    35.20609
 .20100E+07       54700.00      35.22165    33.76931    35.20605
 .20100E+07       54900.00      35.22152    33.76678    35.20601
 .20100E+07       55100.00      35.22139    33.76428    35.20596
 .20100E+07       55300.00      35.22126    33.76184    35.20592
 .20100E+07       55500.00      35.22113    33.75927    35.20587
 .20100E+07       55700.00      35.22100    33.75687    35.20583
 .20100E+07       55900.00      35.22087    33.75436    35.20578
 .20100E+07       56100.00      35.22075    33.75193    35.20574
 .20100E+07       56300.00      35.22062    33.74947    35.20569
 .20100E+07       56500.00      35.22050    33.74708    35.20565
 .20100E+07       56700.00      35.22038    33.74467    35.20560
 .20100E+07       56900.00      35.22025    33.74222    35.20556
 .20100E+07       57100.00      35.22013    33.73987    35.20551
 .20100E+07       57300.00      35.22001    33.73748    35.20547
 .20100E+07       57500.00      35.21989    33.73511    35.20543
 .20100E+07       57700.00      35.21976    33.73273    35.20538
 .20100E+07       57900.00      35.21965    33.73040    35.20533
 .20100E+07       58100.00      35.21953    33.72803    35.20529
 .20100E+07       58300.00      35.21941    33.72571    35.20525
 .20100E+07       58500.00      35.21929    33.72345    35.20520
 .20100E+07       58700.00      35.21917    33.72107    35.20515
 .20100E+07       58900.00      35.21904    33.71831    35.20511
 .20100E+07       59100.00      35.21885    33.71346    35.20507
 .20100E+07       59300.00      35.21882    33.71392    35.20502
 .20100E+07       59500.00      35.21871    33.71188    35.20498
 .20100E+07       59700.00      35.21860    33.70966    35.20493
 .20100E+07       59900.00      35.21849    33.70739    35.20489
 .20100E+07       60100.00      35.21837    33.70513    35.20484
 .20100E+07       60300.00      35.21826    33.70287    35.20480
 .20100E+07       60500.00      35.21815    33.70061    35.20475
 .20100E+07       60700.00      35.21804    33.69837    35.20471
 .20100E+07       60900.00      35.21793    33.69613    35.20466
 .20100E+07       61100.00      35.21782    33.69389    35.20462
 .20100E+07       61300.00      35.21770    33.69168    35.20457
 .20100E+07       61500.00      35.21760    33.68946    35.20453
 .20100E+07       61700.00      35.21749    33.68726    35.20448
 .20100E+07       61900.00      35.21738    33.68504    35.20444
 .20100E+07       62100.00      35.21727    33.68285    35.20440
 .20100E+07       62300.00      35.21716    33.68063    35.20435
 .20100E+07       62500.00      35.21706    33.67845    35.20430
 .20100E+07       62700.00      35.21695    33.67626    35.20426
 .20100E+07       62900.00      35.21684    33.67409    35.20422
 .20100E+07       63100.00      35.21674    33.67190    35.20417
 .20100E+07       63300.00      35.21663    33.66974    35.20412
 .20100E+07       63500.00      35.21653    33.66756    35.20408
 .20100E+07       63700.00      35.21642    33.66541    35.20404
 .20100E+07       63900.00      35.21632    33.66325    35.20399
 .20100E+07       64200.00      35.21616    33.66002    35.20393
 .20100E+07       64600.00      35.21596    33.65571    35.20383
 .20100E+07       65000.00      35.21575    33.65142    35.20374
 .20100E+07       65400.00      35.21555    33.64716    35.20366
 .20100E+07       65800.00      35.21535    33.64289    35.20356
 .20100E+07       66200.00      35.21515    33.63863    35.20348
 .20100E+07       66600.00      35.21495    33.63438    35.20338
 .20100E+07       67000.00      35.21475    33.63015    35.20329
 .20100E+07       67400.00      35.21455    33.62591    35.20321
 .20100E+07       67800.00      35.21436    33.62168    35.20312
 .20100E+07       68200.00      35.21416    33.61746    35.20303
 .20100E+07       68600.00      35.21397    33.61324    35.20293
 .20100E+07       69000.00      35.21377    33.60902    35.20285
 .20100E+07       69400.00      35.21358    33.60479    35.20275
 .20100E+07       69800.00      35.21339    33.60057    35.20267
 .20100E+07       70200.00      35.21320    33.59635    35.20258
 .20100E+07       70600.00      35.21301    33.59213    35.20248
 .20100E+07       71000.00      35.21282    33.58791    35.20240
 .20100E+07       71400.00      35.21263    33.58368    35.20230
 .20100E+07       71800.00      35.21245    33.57944    35.20222
 .20100E+07       72200.00      35.21226    33.57520    35.20213
 .20100E+07       72600.00      35.21207    33.57095    35.20203
 .20100E+07       73000.00      35.21189    33.56670    35.20195
 .20100E+07       73400.00      35.21170    33.56243    35.20185
 .20100E+07       73800.00      35.21152    33.55816    35.20177
 .20100E+07       74200.00      35.21133    33.55377    35.20168
 .20100E+07       74600.00      35.21113    33.54852    35.20158
 .20100E+07       75000.00      35.21095    33.54408    35.20149
 .20100E+07       75400.00      35.21079    33.54087    35.20140
 .20100E+07       75800.00      35.21061    33.53661    35.20131
 .20100E+07       76200.00      35.21043    33.53226    35.20123
 .20100E+07       76600.00      35.21025    33.52789    35.20113
 .20100E+07       77000.00      35.21008    33.52350    35.20104
 .20100E+07       77400.00      35.20990    33.51910    35.20095
 .20100E+07       77800.00      35.20972    33.51468    35.20086
 .20100E+07       78200.00      35.20954    33.51024    35.20077
 .20100E+07       78600.00      35.20936    33.50578    35.20068
 .20100E+07       79000.00      35.20918    33.50130    35.20059
 .20100E+07       79400.00      35.20901    33.49678    35.20050
 .20100E+07       79800.00      35.20883    33.49226    35.20041
 .20100E+07       80200.00      35.20866    33.48771    35.20032
 .20100E+07       80600.00      35.20848    33.48312    35.20023
 .20100E+07       81000.00      35.20831    33.47852    35.20014
 .20100E+07       81400.00      35.20813    33.47388    35.20005
 .20100E+07       81800.00      35.20795    33.46922    35.19996
 .20100E+07       82200.00      35.20778    33.46453    35.19987
 .20100E+07       82600.00      35.20761    33.45981    35.19978
 .20100E+07       83000.00      35.20744    33.45506    35.19968
 .20100E+07       83400.00      35.20726    33.45026    35.19959
 .20100E+07       83800.00      35.20709    33.44545    35.19950
 .20100E+07       84200.00      35.20692    33.44059    35.19941
 .20100E+07       84600.00      35.20674    33.43571    35.19932
 .20100E+07       85000.00      35.20657    33.43078    35.19923
 .20100E+07       85400.00      35.20640    33.42581    35.19914
 .20100E+07       85800.00      35.20623    33.42081    35.19905
 .20100E+07       86200.00      35.20605    33.41576    35.19896
 .20100E+07       86600.00      35.20589    33.41068    35.19887
 .20100E+07       87000.00      35.20572    33.40555    35.19878
 .20100E+07       87400.00      35.20554    33.40038    35.19869
 .20100E+07       87800.00      35.20537    33.39516    35.19860
 .20100E+07       88200.00      35.20520    33.38989    35.19851
 .20100E+07       88600.00      35.20503    33.38457    35.19841
 .20100E+07       89000.00      35.20486    33.37921    35.19833
 .20100E+07       89400.00      35.20469    33.37379    35.19823
 .20100E+07       89800.00      35.20452    33.36832    35.19814
 .20100E+07       90200.00      35.20435    33.36280    35.19805
 .20100E+07       90600.00      35.20418    33.35722    35.19796
 .20100E+07       91000.00      35.20401    33.35159    35.19787
 .20100E+07       91400.00      35.20384    33.34589    35.19778
 .20100E+07       91800.00      35.20367    33.34013    35.19769
 .20100E+07       92200.00      35.20351    33.33431    35.19760
 .20100E+07       92600.00      35.20334    33.32843    35.19751
 .20100E+07       93000.00      35.20317    33.32248    35.19741
 .20100E+07       93400.00      35.20300    33.31646    35.19732
 .20100E+07       93800.00      35.20283    33.31036    35.19723
 .20100E+07       94200.00      35.20266    33.30420    35.19714
 .20100E+07       94600.00      35.20249    33.29795    35.19705
 .20100E+07       95000.00      35.20232    33.29164    35.19696
 .20100E+07       95400.00      35.20216    33.28524    35.19687
 .20100E+07       95800.00      35.20199    33.27876    35.19678
 .20100E+07       96200.00      35.20182    33.27219    35.19669
 .20100E+07       96600.00      35.20165    33.26554    35.19659
 .20100E+07       97000.00      35.20148    33.25879    35.19650
 .20100E+07       97400.00      35.20132    33.25195    35.19641
 .20100E+07       97800.00      35.20115    33.24501    35.19632
 .20100E+07       98200.00      35.20098    33.23798    35.19623
 .20100E+07       98600.00      35.20082    33.23084    35.19614
 .20100E+07       99000.00      35.20065    33.22359    35.19604
 .20100E+07       99400.00      35.20048    33.21622    35.19595
 .20100E+07       99800.00      35.20031    33.20875    35.19586
 .20100E+07      100200.00      35.20015    33.20116    35.19577
 .20100E+07      200000.00      35.17258    31.92004    35.17234
 .20100E+07      400000.00      35.12121    30.89566    35.12119
 .20100E+07      600000.00      35.06319    29.86509    35.06319
 .20100E+07      800000.00      34.99625    29.61414    34.99625
 .20100E+07     1000000.00      34.91706    29.14522    34.91706
 .20100E+07     1200000.00      34.82015    29.11648    34.82015
 .20100E+07     1400000.00      34.69521    29.09908    34.69521
 .20100E+07     1600000.00      34.51913    29.08620    34.51912
