;+
;> _TIME = '[yr]'
;> _WAVE = '[A]'
;> _FLUX = 'log(F / [erg s-1 A-1])'
;> Source = 'Starburst99 v5.0; 1E6 M_sun burst; standard input params'
;-

;~     TIME           WAVE          FLUX     STELLAR     NEBULAR
 .10010E+08          91.00     -15.00000   -15.00000   -15.00000
 .10010E+08          94.00     -15.00000   -15.00000   -15.00000
 .10010E+08          96.00     -15.00000   -15.00000   -15.00000
 .10010E+08          98.00     -15.00000   -15.00000   -15.00000
 .10010E+08         100.00     -15.00000   -15.00000   -15.00000
 .10010E+08         102.00     -15.00000   -15.00000   -15.00000
 .10010E+08         104.00     -15.00000   -15.00000   -15.00000
 .10010E+08         106.00     -15.00000   -15.00000   -15.00000
 .10010E+08         108.00     -15.00000   -15.00000   -15.00000
 .10010E+08         110.00     -15.00000   -15.00000   -15.00000
 .10010E+08         114.00     -15.00000   -15.00000   -15.00000
 .10010E+08         118.00     -15.00000   -15.00000   -15.00000
 .10010E+08         121.00     -15.00000   -15.00000   -15.00000
 .10010E+08         125.00     -15.00000   -15.00000   -15.00000
 .10010E+08         127.00     -15.00000   -15.00000   -15.00000
 .10010E+08         128.00     -15.00000   -15.00000   -15.00000
 .10010E+08         131.00     -15.00000   -15.00000   -15.00000
 .10010E+08         132.00     -15.00000   -15.00000   -15.00000
 .10010E+08         134.00     -15.00000   -15.00000   -15.00000
 .10010E+08         137.00     -15.00000   -15.00000   -15.00000
 .10010E+08         140.00     -15.00000   -15.00000   -15.00000
 .10010E+08         143.00     -15.00000   -15.00000   -15.00000
 .10010E+08         147.00     -15.00000   -15.00000   -15.00000
 .10010E+08         151.00     -15.00000   -15.00000   -15.00000
 .10010E+08         155.00     -15.00000   -15.00000   -15.00000
 .10010E+08         159.00     -15.00000   -15.00000   -15.00000
 .10010E+08         162.00     -15.00000   -15.00000   -15.00000
 .10010E+08         166.00     -15.00000   -15.00000   -15.00000
 .10010E+08         170.00     -15.00000   -15.00000   -15.00000
 .10010E+08         173.00     -15.00000   -15.00000   -15.00000
 .10010E+08         177.00     -15.00000   -15.00000   -15.00000
 .10010E+08         180.00     -15.00000   -15.00000   -15.00000
 .10010E+08         182.00     -15.00000   -15.00000   -15.00000
 .10010E+08         186.00     -15.00000   -15.00000   -15.00000
 .10010E+08         191.00     -15.00000   -15.00000   -15.00000
 .10010E+08         194.00     -15.00000   -15.00000   -15.00000
 .10010E+08         198.00     -15.00000   -15.00000   -15.00000
 .10010E+08         202.00     -15.00000   -15.00000   -15.00000
 .10010E+08         205.00     -15.00000   -15.00000   -15.00000
 .10010E+08         210.00     -15.00000   -15.00000   -15.00000
 .10010E+08         216.00     -15.00000   -15.00000   -15.00000
 .10010E+08         220.00     -15.00000   -15.00000   -15.00000
 .10010E+08         223.00     -15.00000   -15.00000   -15.00000
 .10010E+08         227.00     -15.00000   -15.00000   -15.00000
 .10010E+08         230.00      26.63396    26.63396   -15.00000
 .10010E+08         234.00      26.98033    26.98033   -15.00000
 .10010E+08         240.00      27.30100    27.30100   -15.00000
 .10010E+08         246.00      27.64606    27.64606   -15.00000
 .10010E+08         252.00      27.94375    27.94375   -15.00000
 .10010E+08         257.00      28.12831    28.12831   -15.00000
 .10010E+08         260.00      28.34431    28.34431   -15.00000
 .10010E+08         264.00      28.53218    28.53218   -15.00000
 .10010E+08         269.00      28.73817    28.73817   -15.00000
 .10010E+08         274.00      28.94954    28.94954   -15.00000
 .10010E+08         279.00      29.14729    29.14729   -15.00000
 .10010E+08         284.00      29.42404    29.42404   -15.00000
 .10010E+08         290.00      29.64568    29.64568   -15.00000
 .10010E+08         296.00      29.85780    29.85780   -15.00000
 .10010E+08         301.00      30.02197    30.02197   -15.00000
 .10010E+08         308.00      30.27435    30.27435   -15.00000
 .10010E+08         318.00      30.63580    30.63580   -15.00000
 .10010E+08         328.00      30.91537    30.91537   -15.00000
 .10010E+08         338.00      31.21191    31.21191   -15.00000
 .10010E+08         348.00      31.47684    31.47684   -15.00000
 .10010E+08         357.00      32.11853    32.11853   -15.00000
 .10010E+08         366.00      32.44390    32.44390   -15.00000
 .10010E+08         375.00      32.59689    32.59689   -15.00000
 .10010E+08         385.00      32.80745    32.80745   -15.00000
 .10010E+08         395.00      33.11846    33.11846   -15.00000
 .10010E+08         405.00      33.27199    33.27199   -15.00000
 .10010E+08         414.00      33.43898    33.43898   -15.00000
 .10010E+08         422.00      33.55206    33.55206   -15.00000
 .10010E+08         430.00      33.68626    33.68626   -15.00000
 .10010E+08         441.00      33.84335    33.84335   -15.00000
 .10010E+08         451.00      33.95347    33.95347   -15.00000
 .10010E+08         460.00      34.05171    34.05171   -15.00000
 .10010E+08         470.00      34.18578    34.18578   -15.00000
 .10010E+08         480.00      34.30397    34.30397   -15.00000
 .10010E+08         490.00      34.41700    34.41700   -15.00000
 .10010E+08         500.00      34.51900    34.51900   -15.00000
 .10010E+08         506.00      35.18931    35.18931   -15.00000
 .10010E+08         512.00      36.00893    36.00893   -15.00000
 .10010E+08         520.00      36.02884    36.02884   -15.00000
 .10010E+08         530.00      36.05415    36.05415   -15.00000
 .10010E+08         540.00      36.02307    36.02307   -15.00000
 .10010E+08         550.00      36.22465    36.22465   -15.00000
 .10010E+08         560.00      36.30471    36.30471   -15.00000
 .10010E+08         570.00      36.35847    36.35847   -15.00000
 .10010E+08         580.00      36.32449    36.32449   -15.00000
 .10010E+08         590.00      36.43052    36.43052   -15.00000
 .10010E+08         600.00      36.44514    36.44514   -15.00000
 .10010E+08         610.00      36.52631    36.52631   -15.00000
 .10010E+08         620.00      36.57707    36.57707   -15.00000
 .10010E+08         630.00      36.60967    36.60967   -15.00000
 .10010E+08         640.00      36.60469    36.60469   -15.00000
 .10010E+08         650.00      36.66426    36.66426   -15.00000
 .10010E+08         658.00      36.69083    36.69083   -15.00000
 .10010E+08         665.00      36.71119    36.71119   -15.00000
 .10010E+08         675.00      36.70507    36.70507   -15.00000
 .10010E+08         685.00      36.69234    36.69234   -15.00000
 .10010E+08         695.00      36.80742    36.80742   -15.00000
 .10010E+08         705.00      36.77399    36.77399   -15.00000
 .10010E+08         716.00      36.85332    36.85332   -15.00000
 .10010E+08         726.00      36.86304    36.86304   -15.00000
 .10010E+08         735.00      36.87167    36.87167   -15.00000
 .10010E+08         745.00      36.92397    36.92397   -15.00000
 .10010E+08         755.00      36.94473    36.94473   -15.00000
 .10010E+08         765.00      36.96451    36.96451   -15.00000
 .10010E+08         775.00      36.99430    36.99430   -15.00000
 .10010E+08         785.00      37.02213    37.02213   -15.00000
 .10010E+08         795.00      37.03181    37.03181   -15.00000
 .10010E+08         805.00      37.04269    37.04269   -15.00000
 .10010E+08         815.00      37.04851    37.04851   -15.00000
 .10010E+08         825.00      37.08438    37.08438   -15.00000
 .10010E+08         835.00      36.97839    36.97839   -15.00000
 .10010E+08         845.00      37.08952    37.08952   -15.00000
 .10010E+08         855.00      37.09419    37.09419   -15.00000
 .10010E+08         865.00      37.11947    37.11947   -15.00000
 .10010E+08         875.00      37.14395    37.14395   -15.00000
 .10010E+08         885.00      37.17519    37.17519   -15.00000
 .10010E+08         895.00      37.19140    37.19140   -15.00000
 .10010E+08         905.00      37.18623    37.18623   -15.00000
 .10010E+08         915.00      37.37198    37.37193    33.34568
 .10010E+08         925.00      38.23633    38.23629    34.11857
 .10010E+08         935.00      38.52808    38.52805    34.38133
 .10010E+08         945.00      38.71925    38.71923    34.54388
 .10010E+08         955.00      38.78717    38.78714    34.66188
 .10010E+08         965.00      38.80988    38.80984    34.75458
 .10010E+08         975.00      38.05237    38.05211    34.83092
 .10010E+08         985.00      38.64072    38.64065    34.89584
 .10010E+08         995.00      38.66165    38.66157    34.95230
 .10010E+08        1005.00      38.80838    38.80831    35.00225
 .10010E+08        1015.00      38.81672    38.81664    35.04705
 .10010E+08        1025.00      38.61250    38.61237    35.08766
 .10010E+08        1035.00      38.71862    38.71851    35.12479
 .10010E+08        1045.00      38.89576    38.89568    35.15900
 .10010E+08        1055.00      38.85999    38.85990    35.19070
 .10010E+08        1065.00      38.76355    38.76343    35.22026
 .10010E+08        1075.00      38.81612    38.81601    35.24792
 .10010E+08        1085.00      38.74788    38.74773    35.27393
 .10010E+08        1095.00      38.83186    38.83173    35.29847
 .10010E+08        1105.00      38.79607    38.79593    35.32170
 .10010E+08        1115.00      38.78280    38.78265    35.34374
 .10010E+08        1125.00      38.69516    38.69496    35.36472
 .10010E+08        1135.00      38.79734    38.79717    35.38474
 .10010E+08        1145.00      38.76161    38.76142    35.40387
 .10010E+08        1155.00      38.76619    38.76600    35.42220
 .10010E+08        1165.00      38.75658    38.75637    35.43978
 .10010E+08        1175.00      38.51382    38.51345    35.45668
 .10010E+08        1185.00      38.73265    38.73241    35.47295
 .10010E+08        1195.00      38.68639    38.68611    35.48862
 .10010E+08        1205.00      38.56615    38.56578    35.50375
 .10010E+08        1215.00      38.49890    38.49845    35.51838
 .10010E+08        1225.00      38.66793    38.66761    35.53252
 .10010E+08        1235.00      38.72925    38.72896    35.54622
 .10010E+08        1245.00      38.72948    38.72918    35.55951
 .10010E+08        1255.00      38.70875    38.70843    35.57239
 .10010E+08        1265.00      38.70668    38.70636    35.58491
 .10010E+08        1275.00      38.73295    38.73263    35.59707
 .10010E+08        1285.00      38.72978    38.72945    35.60891
 .10010E+08        1295.00      38.64359    38.64318    35.62043
 .10010E+08        1305.00      38.66146    38.66106    35.62871
 .10010E+08        1315.00      38.71768    38.71732    35.63394
 .10010E+08        1325.00      38.68788    38.68749    35.63910
 .10010E+08        1335.00      38.66375    38.66333    35.64421
 .10010E+08        1345.00      38.68287    38.68246    35.64925
 .10010E+08        1355.00      38.67319    38.67277    35.65424
 .10010E+08        1365.00      38.63667    38.63621    35.65917
 .10010E+08        1375.00      38.62624    38.62576    35.66404
 .10010E+08        1385.00      38.61488    38.61439    35.66887
 .10010E+08        1395.00      38.45735    38.45663    35.67363
 .10010E+08        1405.00      38.48268    38.48199    35.67835
 .10010E+08        1415.00      38.57044    38.56988    35.68301
 .10010E+08        1425.00      38.55737    38.55678    35.68763
 .10010E+08        1435.00      38.57377    38.57320    35.69220
 .10010E+08        1442.00      38.58121    38.58065    35.69537
 .10010E+08        1447.00      38.57384    38.57327    35.69762
 .10010E+08        1455.00      38.55872    38.55811    35.70119
 .10010E+08        1465.00      38.52114    38.52048    35.70562
 .10010E+08        1475.00      38.53062    38.52996    35.71000
 .10010E+08        1485.00      38.52685    38.52618    35.71434
 .10010E+08        1495.00      38.51831    38.51762    35.71864
 .10010E+08        1505.00      38.47834    38.47758    35.71882
 .10010E+08        1512.00      38.42340    38.42255    35.71608
 .10010E+08        1517.00      38.44035    38.43953    35.71411
 .10010E+08        1525.00      38.45067    38.44988    35.71094
 .10010E+08        1535.00      38.37113    38.37019    35.70694
 .10010E+08        1545.00      38.34608    38.34509    35.70291
 .10010E+08        1555.00      38.33932    38.33833    35.69884
 .10010E+08        1565.00      38.38402    38.38313    35.69473
 .10010E+08        1575.00      38.41452    38.41370    35.69058
 .10010E+08        1585.00      38.41908    38.41827    35.68639
 .10010E+08        1595.00      38.41463    38.41383    35.68216
 .10010E+08        1605.00      38.41705    38.41626    35.67789
 .10010E+08        1615.00      38.40759    38.40679    35.67357
 .10010E+08        1625.00      38.39867    38.39786    35.66922
 .10010E+08        1635.00      38.42479    38.42403    35.66481
 .10010E+08        1645.00      38.42472    38.42397    35.66037
 .10010E+08        1655.00      38.41634    38.41558    35.65588
 .10010E+08        1665.00      38.42499    38.42426    35.65134
 .10010E+08        1672.00      38.39968    38.39892    35.64813
 .10010E+08        1677.00      38.44310    38.44241    35.64582
 .10010E+08        1685.00      38.43063    38.42992    35.64211
 .10010E+08        1695.00      38.40478    38.40403    35.63742
 .10010E+08        1705.00      38.39400    38.39324    35.63269
 .10010E+08        1715.00      38.36649    38.36570    35.62790
 .10010E+08        1725.00      38.36037    38.35957    35.62305
 .10010E+08        1735.00      38.37943    38.37867    35.61816
 .10010E+08        1745.00      38.36778    38.36702    35.61320
 .10010E+08        1755.00      38.37400    38.37325    35.60819
 .10010E+08        1765.00      38.36460    38.36385    35.60312
 .10010E+08        1775.00      38.33836    38.33757    35.59800
 .10010E+08        1785.00      38.34843    38.34766    35.59280
 .10010E+08        1795.00      38.35915    38.35841    35.58755
 .10010E+08        1805.00      38.36243    38.36171    35.58337
 .10010E+08        1815.00      38.31120    38.31039    35.58031
 .10010E+08        1825.00      38.32928    38.32851    35.57722
 .10010E+08        1835.00      38.31548    38.31469    35.57410
 .10010E+08        1845.00      38.27270    38.27184    35.57097
 .10010E+08        1855.00      38.27769    38.27684    35.56781
 .10010E+08        1865.00      38.28451    38.28368    35.56463
 .10010E+08        1875.00      38.30476    38.30398    35.56143
 .10010E+08        1885.00      38.25346    38.25258    35.55820
 .10010E+08        1895.00      38.21984    38.21890    35.55495
 .10010E+08        1905.00      38.26021    38.25936    35.55167
 .10010E+08        1915.00      38.22991    38.22901    35.54837
 .10010E+08        1925.00      38.20708    38.20613    35.54504
 .10010E+08        1935.00      38.23669    38.23581    35.54169
 .10010E+08        1945.00      38.24721    38.24636    35.53831
 .10010E+08        1955.00      38.19838    38.19743    35.53490
 .10010E+08        1967.00      38.23734    38.23649    35.53078
 .10010E+08        1976.00      38.25521    38.25439    35.52767
 .10010E+08        1984.00      38.22262    38.22175    35.52488
 .10010E+08        1995.00      38.21378    38.21289    35.52101
 .10010E+08        2005.00      38.23038    38.22954    35.51747
 .10010E+08        2015.00      38.22393    38.22308    35.51390
 .10010E+08        2025.00      38.23758    38.23676    35.51029
 .10010E+08        2035.00      38.19554    38.19465    35.50666
 .10010E+08        2045.00      38.20457    38.20371    35.50300
 .10010E+08        2055.00      38.18149    38.18059    35.49930
 .10010E+08        2065.00      38.18954    38.18867    35.49557
 .10010E+08        2074.00      38.22021    38.21939    35.49220
 .10010E+08        2078.00      38.17050    38.16959    35.49068
 .10010E+08        2085.00      38.19354    38.19269    35.48803
 .10010E+08        2095.00      38.16601    38.16511    35.48420
 .10010E+08        2105.00      38.18159    38.18073    35.48034
 .10010E+08        2115.00      38.18339    38.18253    35.47645
 .10010E+08        2125.00      38.18626    38.18542    35.47252
 .10010E+08        2135.00      38.17710    38.17625    35.46856
 .10010E+08        2145.00      38.15400    38.15311    35.46455
 .10010E+08        2155.00      38.17331    38.17247    35.46052
 .10010E+08        2165.00      38.17026    38.16942    35.45644
 .10010E+08        2175.00      38.16439    38.16354    35.45232
 .10010E+08        2185.00      38.14956    38.14869    35.44817
 .10010E+08        2195.00      38.15734    38.15650    35.44398
 .10010E+08        2205.00      38.15398    38.15313    35.44154
 .10010E+08        2215.00      38.14504    38.14418    35.44090
 .10010E+08        2225.00      38.13283    38.13194    35.44026
 .10010E+08        2235.00      38.12870    38.12781    35.43962
 .10010E+08        2245.00      38.13039    38.12950    35.43897
 .10010E+08        2255.00      38.11731    38.11640    35.43833
 .10010E+08        2265.00      38.12181    38.12092    35.43768
 .10010E+08        2275.00      38.11678    38.11587    35.43704
 .10010E+08        2285.00      38.11623    38.11532    35.43639
 .10010E+08        2295.00      38.08472    38.08374    35.43574
 .10010E+08        2305.00      38.10008    38.09914    35.43509
 .10010E+08        2315.00      38.08518    38.08421    35.43444
 .10010E+08        2325.00      38.02637    38.02525    35.43379
 .10010E+08        2335.00      38.06538    38.06437    35.43314
 .10010E+08        2345.00      38.06915    38.06815    35.43248
 .10010E+08        2355.00      38.06796    38.06696    35.43183
 .10010E+08        2365.00      38.06174    38.06073    35.43118
 .10010E+08        2375.00      38.05354    38.05251    35.43052
 .10010E+08        2385.00      38.04828    38.04723    35.42986
 .10010E+08        2395.00      38.04671    38.04566    35.42920
 .10010E+08        2405.00      38.03730    38.03623    35.42854
 .10010E+08        2415.00      38.03474    38.03367    35.42788
 .10010E+08        2425.00      38.03456    38.03349    35.42722
 .10010E+08        2435.00      38.02122    38.02011    35.42656
 .10010E+08        2445.00      38.02396    38.02286    35.42590
 .10010E+08        2455.00      38.02306    38.02196    35.42523
 .10010E+08        2465.00      38.01487    38.01375    35.42456
 .10010E+08        2475.00      38.00734    38.00621    35.42390
 .10010E+08        2485.00      38.00079    37.99964    35.42323
 .10010E+08        2495.00      37.92796    37.92661    35.42256
 .10010E+08        2505.00      37.98710    37.98591    35.42189
 .10010E+08        2513.00      37.96957    37.96835    35.42136
 .10010E+08        2518.00      37.98565    37.98447    35.42102
 .10010E+08        2525.00      37.97954    37.97833    35.42055
 .10010E+08        2535.00      37.97567    37.97446    35.41988
 .10010E+08        2545.00      37.96304    37.96180    35.41920
 .10010E+08        2555.00      37.96746    37.96624    35.41853
 .10010E+08        2565.00      37.96266    37.96142    35.41785
 .10010E+08        2575.00      37.96358    37.96234    35.41718
 .10010E+08        2585.00      37.95781    37.95655    35.41650
 .10010E+08        2595.00      37.95317    37.95191    35.41582
 .10010E+08        2605.00      37.94763    37.94636    35.41514
 .10010E+08        2615.00      37.94093    37.93963    35.41446
 .10010E+08        2625.00      37.93849    37.93719    35.41378
 .10010E+08        2635.00      37.93558    37.93428    35.41309
 .10010E+08        2645.00      37.93425    37.93295    35.41241
 .10010E+08        2655.00      37.93210    37.93079    35.41172
 .10010E+08        2665.00      37.91495    37.91358    35.41104
 .10010E+08        2675.00      37.91696    37.91561    35.41035
 .10010E+08        2685.00      37.91558    37.91422    35.40966
 .10010E+08        2695.00      37.90056    37.89915    35.40897
 .10010E+08        2705.00      37.89365    37.89222    35.40828
 .10010E+08        2715.00      37.89217    37.89074    35.40759
 .10010E+08        2725.00      37.89095    37.88952    35.40689
 .10010E+08        2735.00      37.88936    37.88792    35.40620
 .10010E+08        2745.00      37.87634    37.87487    35.40551
 .10010E+08        2755.00      37.87464    37.87317    35.40481
 .10010E+08        2765.00      37.87110    37.86961    35.40411
 .10010E+08        2775.00      37.87422    37.87275    35.40341
 .10010E+08        2785.00      37.86713    37.86564    35.40271
 .10010E+08        2795.00      37.84740    37.84584    35.40201
 .10010E+08        2805.00      37.85278    37.85124    35.40131
 .10010E+08        2815.00      37.85658    37.85506    35.40060
 .10010E+08        2825.00      37.85114    37.84961    35.39990
 .10010E+08        2835.00      37.83469    37.83310    35.39920
 .10010E+08        2845.00      37.83827    37.83669    35.39849
 .10010E+08        2855.00      37.83172    37.83012    35.39778
 .10010E+08        2865.00      37.83314    37.83154    35.39893
 .10010E+08        2875.00      37.82813    37.82651    35.40008
 .10010E+08        2885.00      37.82388    37.82224    35.40122
 .10010E+08        2895.00      37.81760    37.81593    35.40236
 .10010E+08        2910.00      37.81119    37.80949    35.40406
 .10010E+08        2930.00      37.80451    37.80277    35.40633
 .10010E+08        2950.00      37.79176    37.78996    35.40858
 .10010E+08        2970.00      37.78628    37.78445    35.41081
 .10010E+08        2990.00      37.77722    37.77534    35.41304
 .10010E+08        3010.00      37.76298    37.76102    35.41526
 .10010E+08        3030.00      37.76125    37.75927    35.41746
 .10010E+08        3050.00      37.75419    37.75217    35.41965
 .10010E+08        3070.00      37.74693    37.74487    35.42184
 .10010E+08        3090.00      37.73283    37.73070    35.42401
 .10010E+08        3110.00      37.72954    37.72738    35.42617
 .10010E+08        3130.00      37.71873    37.71649    35.42832
 .10010E+08        3150.00      37.71270    37.71043    35.43046
 .10010E+08        3170.00      37.70235    37.70001    35.43259
 .10010E+08        3190.00      37.69252    37.69011    35.43471
 .10010E+08        3210.00      37.68813    37.68569    35.43681
 .10010E+08        3230.00      37.67770    37.67519    35.43891
 .10010E+08        3250.00      37.67271    37.67015    35.44100
 .10010E+08        3270.00      37.66431    37.66169    35.44308
 .10010E+08        3290.00      37.65636    37.65368    35.44514
 .10010E+08        3310.00      37.64909    37.64635    35.44720
 .10010E+08        3330.00      37.64023    37.63742    35.44925
 .10010E+08        3350.00      37.63213    37.62925    35.45182
 .10010E+08        3370.00      37.62366    37.62070    35.45441
 .10010E+08        3390.00      37.61728    37.61427    35.45698
 .10010E+08        3410.00      37.61066    37.60759    35.45953
 .10010E+08        3430.00      37.59842    37.59546    35.43049
 .10010E+08        3450.00      37.59207    37.58905    35.43299
 .10010E+08        3470.00      37.58707    37.58399    35.43547
 .10010E+08        3490.00      37.58005    37.57691    35.43794
 .10010E+08        3510.00      37.57414    37.57093    35.44040
 .10010E+08        3530.00      37.56706    37.56379    35.44284
 .10010E+08        3550.00      37.56104    37.55770    35.44527
 .10010E+08        3570.00      37.55120    37.54777    35.44769
 .10010E+08        3590.00      37.54018    37.53664    35.45009
 .10010E+08        3610.00      37.53498    37.53138    35.45248
 .10010E+08        3630.00      37.53086    37.52720    35.45486
 .10010E+08        3640.00      37.53079    37.52712    35.45604
 .10010E+08        3650.00      37.52400    37.52320    34.79202
 .10010E+08        3670.00      37.51908    37.51827    34.79012
 .10010E+08        3690.00      37.49551    37.49466    34.78820
 .10010E+08        3710.00      37.49284    37.49199    34.78629
 .10010E+08        3730.00      37.48121    37.48034    34.78436
 .10010E+08        3750.00      37.51405    37.51324    34.78242
 .10010E+08        3770.00      37.51360    37.51279    34.78047
 .10010E+08        3790.00      37.53094    37.53017    34.77851
 .10010E+08        3810.00      37.54803    37.54729    34.77655
 .10010E+08        3830.00      37.49323    37.49240    34.77457
 .10010E+08        3850.00      37.54556    37.54482    34.77259
 .10010E+08        3870.00      37.54308    37.54234    34.77060
 .10010E+08        3890.00      37.47175    37.47089    34.76860
 .10010E+08        3910.00      37.54262    37.54189    34.76659
 .10010E+08        3930.00      37.51993    37.51917    34.76456
 .10010E+08        3950.00      37.52111    37.52036    34.76254
 .10010E+08        3970.00      37.43018    37.42926    34.76050
 .10010E+08        3990.00      37.51599    37.51523    34.75845
 .10010E+08        4010.00      37.52411    37.52337    34.75639
 .10010E+08        4030.00      37.51142    37.51066    34.75433
 .10010E+08        4050.00      37.51296    37.51221    34.75225
 .10010E+08        4070.00      37.49455    37.49377    34.75016
 .10010E+08        4090.00      37.47753    37.47672    34.74806
 .10010E+08        4110.00      37.43351    37.43262    34.74595
 .10010E+08        4130.00      37.47872    37.47792    34.74384
 .10010E+08        4150.00      37.47796    37.47716    34.74171
 .10010E+08        4170.00      37.47428    37.47348    34.73957
 .10010E+08        4190.00      37.47102    37.47022    34.73742
 .10010E+08        4210.00      37.46846    37.46765    34.73526
 .10010E+08        4230.00      37.45916    37.45834    34.73309
 .10010E+08        4250.00      37.45490    37.45408    34.73090
 .10010E+08        4270.00      37.44080    37.43995    34.72871
 .10010E+08        4290.00      37.43596    37.43511    34.72651
 .10010E+08        4310.00      37.41727    37.41639    34.72429
 .10010E+08        4330.00      37.40499    37.40408    34.72206
 .10010E+08        4350.00      37.37654    37.37558    34.71983
 .10010E+08        4370.00      37.42442    37.42357    34.71758
 .10010E+08        4390.00      37.41364    37.41277    34.71531
 .10010E+08        4410.00      37.41284    37.41197    34.71304
 .10010E+08        4430.00      37.41524    37.41438    34.71075
 .10010E+08        4450.00      37.41183    37.41097    34.70846
 .10010E+08        4470.00      37.40398    37.40311    34.70615
 .10010E+08        4490.00      37.41003    37.40917    34.70382
 .10010E+08        4510.00      37.42140    37.42057    34.70149
 .10010E+08        4530.00      37.40051    37.39965    34.69914
 .10010E+08        4550.00      37.39770    37.39684    34.69678
 .10010E+08        4570.00      37.40382    37.40297    34.69441
 .10010E+08        4590.00      37.39320    37.39233    34.69202
 .10010E+08        4610.00      37.39055    37.38968    34.68962
 .10010E+08        4630.00      37.38280    37.38192    34.68721
 .10010E+08        4650.00      37.37626    37.37537    34.68478
 .10010E+08        4670.00      37.38074    37.37988    34.68235
 .10010E+08        4690.00      37.37601    37.37514    34.67989
 .10010E+08        4710.00      37.36123    37.36033    34.67743
 .10010E+08        4730.00      37.36719    37.36630    34.67495
 .10010E+08        4750.00      37.36991    37.36904    34.67245
 .10010E+08        4770.00      37.37060    37.36973    34.66994
 .10010E+08        4790.00      37.36372    37.36285    34.66741
 .10010E+08        4810.00      37.35643    37.35555    34.66488
 .10010E+08        4830.00      37.35656    37.35567    34.66232
 .10010E+08        4850.00      37.32867    37.32773    34.65975
 .10010E+08        4870.00      37.28485    37.28383    34.65717
 .10010E+08        4890.00      37.34124    37.34034    34.65456
 .10010E+08        4910.00      37.33929    37.33840    34.65195
 .10010E+08        4930.00      37.32548    37.32456    34.64932
 .10010E+08        4950.00      37.33584    37.33495    34.64667
 .10010E+08        4970.00      37.32971    37.32881    34.64400
 .10010E+08        4990.00      37.31236    37.31143    34.64133
 .10010E+08        5010.00      37.29279    37.29182    34.63863
 .10010E+08        5030.00      37.30616    37.30524    34.63591
 .10010E+08        5050.00      37.30149    37.30056    34.63318
 .10010E+08        5070.00      37.30801    37.30709    34.63044
 .10010E+08        5090.00      37.29102    37.29007    34.62767
 .10010E+08        5110.00      37.29202    37.29108    34.62489
 .10010E+08        5130.00      37.27627    37.27530    34.62209
 .10010E+08        5150.00      37.27089    37.26992    34.61926
 .10010E+08        5170.00      37.26054    37.25956    34.61642
 .10010E+08        5190.00      37.26474    37.26377    34.61357
 .10010E+08        5210.00      37.26542    37.26446    34.61069
 .10010E+08        5230.00      37.27529    37.27436    34.60780
 .10010E+08        5250.00      37.27800    37.27708    34.60489
 .10010E+08        5270.00      37.25256    37.25159    34.60195
 .10010E+08        5290.00      37.27618    37.27527    34.59900
 .10010E+08        5310.00      37.28437    37.28349    34.59602
 .10010E+08        5330.00      37.25681    37.25587    34.59303
 .10010E+08        5350.00      37.27426    37.27336    34.59001
 .10010E+08        5370.00      37.27288    37.27198    34.58698
 .10010E+08        5390.00      37.25981    37.25890    34.58392
 .10010E+08        5410.00      37.25557    37.25465    34.58084
 .10010E+08        5430.00      37.25422    37.25330    34.57774
 .10010E+08        5450.00      37.26237    37.26147    34.57461
 .10010E+08        5470.00      37.25046    37.24955    34.57146
 .10010E+08        5490.00      37.24848    37.24757    34.56830
 .10010E+08        5510.00      37.24358    37.24267    34.56510
 .10010E+08        5530.00      37.24944    37.24854    34.56189
 .10010E+08        5550.00      37.25143    37.25055    34.55865
 .10010E+08        5570.00      37.24707    37.24619    34.55538
 .10010E+08        5590.00      37.23833    37.23743    34.55209
 .10010E+08        5610.00      37.24680    37.24593    34.54878
 .10010E+08        5630.00      37.23684    37.23595    34.54544
 .10010E+08        5650.00      37.23895    37.23808    34.54207
 .10010E+08        5670.00      37.22923    37.22835    34.53868
 .10010E+08        5690.00      37.23699    37.23613    34.53526
 .10010E+08        5710.00      37.22345    37.22256    34.53311
 .10010E+08        5730.00      37.24559    37.24475    34.53226
 .10010E+08        5750.00      37.22778    37.22690    34.53141
 .10010E+08        5770.00      37.23294    37.23207    34.53055
 .10010E+08        5790.00      37.21650    37.21561    34.52969
 .10010E+08        5810.00      37.22995    37.22908    34.52883
 .10010E+08        5830.00      37.23867    37.23783    34.52797
 .10010E+08        5850.00      37.22630    37.22543    34.52711
 .10010E+08        5870.00      37.22057    37.21970    34.52624
 .10010E+08        5890.00      37.19537    37.19444    34.52538
 .10010E+08        5910.00      37.21680    37.21592    34.52451
 .10010E+08        5930.00      37.21680    37.21592    34.52364
 .10010E+08        5950.00      37.21388    37.21299    34.52277
 .10010E+08        5970.00      37.22146    37.22060    34.52189
 .10010E+08        5990.00      37.20880    37.20791    34.52102
 .10010E+08        6010.00      37.20300    37.20210    34.52014
 .10010E+08        6030.00      37.21155    37.21066    34.51926
 .10010E+08        6050.00      37.21483    37.21395    34.51838
 .10010E+08        6070.00      37.21455    37.21368    34.51749
 .10010E+08        6090.00      37.19633    37.19543    34.51661
 .10010E+08        6110.00      37.19579    37.19488    34.51572
 .10010E+08        6130.00      37.17723    37.17628    34.51484
 .10010E+08        6150.00      37.18468    37.18375    34.51395
 .10010E+08        6170.00      37.17233    37.17138    34.51305
 .10010E+08        6190.00      37.18800    37.18708    34.51216
 .10010E+08        6210.00      37.18201    37.18108    34.51127
 .10010E+08        6230.00      37.16790    37.16694    34.51037
 .10010E+08        6250.00      37.15315    37.15216    34.50947
 .10010E+08        6270.00      37.16867    37.16772    34.50857
 .10010E+08        6290.00      37.17657    37.17564    34.50767
 .10010E+08        6310.00      37.16362    37.16267    34.50676
 .10010E+08        6330.00      37.17002    37.16908    34.50586
 .10010E+08        6350.00      37.16615    37.16520    34.50495
 .10010E+08        6370.00      37.16191    37.16095    34.50404
 .10010E+08        6390.00      37.16737    37.16644    34.50312
 .10010E+08        6410.00      37.16222    37.16128    34.50221
 .10010E+08        6430.00      37.16275    37.16180    34.50130
 .10010E+08        6450.00      37.16272    37.16177    34.50038
 .10010E+08        6470.00      37.16112    37.16017    34.49946
 .10010E+08        6490.00      37.14636    37.14538    34.49854
 .10010E+08        6510.00      37.15842    37.15747    34.49761
 .10010E+08        6530.00      37.15517    37.15422    34.49669
 .10010E+08        6550.00      37.14555    37.14458    34.49576
 .10010E+08        6570.00      37.11937    37.11834    34.49483
 .10010E+08        6590.00      37.15100    37.15004    34.49390
 .10010E+08        6610.00      37.15385    37.15290    34.49296
 .10010E+08        6630.00      37.15126    37.15031    34.49203
 .10010E+08        6650.00      37.15031    37.14936    34.49109
 .10010E+08        6670.00      37.13841    37.13744    34.49015
 .10010E+08        6690.00      37.14574    37.14478    34.48920
 .10010E+08        6710.00      37.12854    37.12755    34.48826
 .10010E+08        6730.00      37.14145    37.14048    34.48732
 .10010E+08        6750.00      37.13201    37.13103    34.48637
 .10010E+08        6770.00      37.13386    37.13288    34.48542
 .10010E+08        6790.00      37.12582    37.12483    34.48447
 .10010E+08        6810.00      37.12901    37.12802    34.48351
 .10010E+08        6830.00      37.13219    37.13121    34.48256
 .10010E+08        6850.00      37.12140    37.12041    34.48160
 .10010E+08        6870.00      37.12732    37.12634    34.48064
 .10010E+08        6890.00      37.13507    37.13411    34.47968
 .10010E+08        6910.00      37.13060    37.12963    34.47871
 .10010E+08        6930.00      37.12278    37.12180    34.47774
 .10010E+08        6950.00      37.11521    37.11420    34.47677
 .10010E+08        6970.00      37.12245    37.12148    34.47580
 .10010E+08        6990.00      37.11594    37.11494    34.47483
 .10010E+08        7010.00      37.10710    37.10609    34.47382
 .10010E+08        7030.00      37.11548    37.11449    34.47278
 .10010E+08        7050.00      37.12316    37.12219    34.47174
 .10010E+08        7070.00      37.10800    37.10699    34.47070
 .10010E+08        7090.00      37.09577    37.09474    34.46965
 .10010E+08        7110.00      37.07757    37.07650    34.46861
 .10010E+08        7130.00      37.06753    37.06643    34.46755
 .10010E+08        7150.00      37.07140    37.07031    34.46650
 .10010E+08        7170.00      37.07781    37.07674    34.46544
 .10010E+08        7190.00      37.06715    37.06607    34.46439
 .10010E+08        7210.00      37.07809    37.07703    34.46332
 .10010E+08        7230.00      37.08640    37.08536    34.46226
 .10010E+08        7250.00      37.08948    37.08846    34.46119
 .10010E+08        7270.00      37.08717    37.08615    34.46012
 .10010E+08        7290.00      37.07736    37.07631    34.45905
 .10010E+08        7310.00      37.08591    37.08488    34.45798
 .10010E+08        7330.00      37.08749    37.08646    34.45690
 .10010E+08        7350.00      37.08670    37.08568    34.45582
 .10010E+08        7370.00      37.09877    37.09779    34.45474
 .10010E+08        7390.00      37.08967    37.08867    34.45365
 .10010E+08        7410.00      37.08723    37.08622    34.45256
 .10010E+08        7430.00      37.09081    37.08981    34.45147
 .10010E+08        7450.00      37.09285    37.09186    34.45038
 .10010E+08        7470.00      37.09199    37.09100    34.44928
 .10010E+08        7490.00      37.08862    37.08763    34.44818
 .10010E+08        7510.00      37.09605    37.09508    34.44708
 .10010E+08        7530.00      37.10120    37.10024    34.44598
 .10010E+08        7550.00      37.10282    37.10186    34.44487
 .10010E+08        7570.00      37.09889    37.09793    34.44376
 .10010E+08        7590.00      37.09477    37.09380    34.44265
 .10010E+08        7610.00      37.09418    37.09322    34.44153
 .10010E+08        7630.00      37.09283    37.09186    34.44041
 .10010E+08        7650.00      37.09052    37.08955    34.43929
 .10010E+08        7670.00      37.07407    37.07306    34.43817
 .10010E+08        7690.00      37.08469    37.08371    34.43704
 .10010E+08        7710.00      37.07576    37.07476    34.43591
 .10010E+08        7730.00      37.07442    37.07343    34.43478
 .10010E+08        7750.00      37.07245    37.07145    34.43364
 .10010E+08        7770.00      37.07930    37.07832    34.43250
 .10010E+08        7790.00      37.08273    37.08176    34.43136
 .10010E+08        7810.00      37.08117    37.08020    34.43021
 .10010E+08        7830.00      37.07587    37.07489    34.42907
 .10010E+08        7850.00      37.06648    37.06548    34.42791
 .10010E+08        7870.00      37.07277    37.07178    34.42676
 .10010E+08        7890.00      37.05313    37.05211    34.42560
 .10010E+08        7910.00      37.04223    37.04118    34.42444
 .10010E+08        7930.00      37.04700    37.04597    34.42328
 .10010E+08        7950.00      37.03773    37.03668    34.42211
 .10010E+08        7970.00      37.05685    37.05585    34.42094
 .10010E+08        7990.00      37.05759    37.05659    34.41977
 .10010E+08        8010.00      37.05852    37.05753    34.41859
 .10010E+08        8030.00      37.05753    37.05654    34.41741
 .10010E+08        8050.00      37.05428    37.05328    34.41623
 .10010E+08        8070.00      37.04917    37.04816    34.41504
 .10010E+08        8090.00      37.03738    37.03635    34.41386
 .10010E+08        8110.00      37.03470    37.03366    34.41266
 .10010E+08        8130.00      37.04459    37.04358    34.41147
 .10010E+08        8150.00      37.04425    37.04324    34.41027
 .10010E+08        8170.00      37.04777    37.04677    34.40907
 .10010E+08        8190.00      37.04112    37.04011    34.40786
 .10010E+08        8210.00      37.03612    37.03564    34.07514
 .10010E+08        8230.00      37.04538    37.04492    34.07449
 .10010E+08        8250.00      37.04493    37.04446    34.07383
 .10010E+08        8270.00      37.05110    37.05064    34.07318
 .10010E+08        8290.00      37.04598    37.04552    34.07253
 .10010E+08        8310.00      37.02456    37.02407    34.07187
 .10010E+08        8330.00      37.02856    37.02808    34.07122
 .10010E+08        8350.00      37.02697    37.02649    34.07056
 .10010E+08        8370.00      37.03202    37.03155    34.06990
 .10010E+08        8390.00      37.01878    37.01830    34.06924
 .10010E+08        8410.00      37.03458    37.03410    34.06858
 .10010E+08        8430.00      37.01515    37.01466    34.06792
 .10010E+08        8450.00      37.01369    37.01320    34.06726
 .10010E+08        8470.00      37.01660    37.01611    34.06660
 .10010E+08        8490.00      37.02106    37.02058    34.06593
 .10010E+08        8510.00      36.99707    36.99656    34.06527
 .10010E+08        8530.00      37.02196    37.02148    34.06460
 .10010E+08        8550.00      36.99029    36.98978    34.06393
 .10010E+08        8570.00      37.02898    37.02851    34.06327
 .10010E+08        8590.00      37.01805    37.01757    34.06260
 .10010E+08        8610.00      37.02135    37.02087    34.06193
 .10010E+08        8630.00      37.03128    37.03081    34.06126
 .10010E+08        8650.00      37.03318    37.03272    34.06058
 .10010E+08        8670.00      36.99170    36.99119    34.05991
 .10010E+08        8690.00      37.01419    37.01371    34.05923
 .10010E+08        8710.00      37.02905    37.02858    34.05856
 .10010E+08        8730.00      37.02909    37.02863    34.05788
 .10010E+08        8750.00      37.01730    37.01682    34.05721
 .10010E+08        8770.00      37.02958    37.02911    34.05653
 .10010E+08        8790.00      37.02995    37.02949    34.05585
 .10010E+08        8810.00      37.01722    37.01675    34.05517
 .10010E+08        8830.00      37.02429    37.02382    34.05449
 .10010E+08        8850.00      37.02869    37.02823    34.05380
 .10010E+08        8870.00      37.01281    37.01234    34.05312
 .10010E+08        8890.00      37.02851    37.02805    34.05243
 .10010E+08        8910.00      37.03605    37.03559    34.05175
 .10010E+08        8930.00      37.02088    37.02041    34.05106
 .10010E+08        8950.00      37.02010    37.01964    34.05037
 .10010E+08        8970.00      37.02167    37.02121    34.04968
 .10010E+08        8990.00      37.02058    37.02011    34.04899
 .10010E+08        9010.00      37.00100    37.00051    34.04830
 .10010E+08        9030.00      37.01583    37.01536    34.04761
 .10010E+08        9050.00      37.03180    37.03135    34.04691
 .10010E+08        9070.00      37.02723    37.02677    34.04622
 .10010E+08        9090.00      37.00902    37.00854    34.04552
 .10010E+08        9110.00      37.01315    37.01269    34.04483
 .10010E+08        9130.00      37.02460    37.02415    34.04413
 .10010E+08        9150.00      37.01903    37.01857    34.04343
 .10010E+08        9170.00      37.01789    37.01743    34.04273
 .10010E+08        9190.00      37.02496    37.02451    34.04203
 .10010E+08        9210.00      37.00657    37.00610    34.04132
 .10010E+08        9230.00      37.00185    37.00138    34.04062
 .10010E+08        9250.00      37.00202    37.00154    34.03991
 .10010E+08        9270.00      37.00563    37.00516    34.03921
 .10010E+08        9290.00      37.00315    37.00268    34.03850
 .10010E+08        9310.00      37.00928    37.00881    34.03779
 .10010E+08        9330.00      37.00550    37.00504    34.03708
 .10010E+08        9350.00      37.00425    37.00378    34.03637
 .10010E+08        9370.00      36.99372    36.99324    34.03566
 .10010E+08        9390.00      37.00172    37.00125    34.03495
 .10010E+08        9410.00      36.98738    36.98689    34.03423
 .10010E+08        9430.00      37.00153    37.00106    34.03352
 .10010E+08        9450.00      36.98903    36.98855    34.03280
 .10010E+08        9470.00      36.99953    36.99906    34.03208
 .10010E+08        9490.00      37.00032    36.99986    34.03136
 .10010E+08        9510.00      36.99422    36.99375    34.03064
 .10010E+08        9530.00      36.99315    36.99268    34.02992
 .10010E+08        9550.00      36.97436    36.97386    34.02920
 .10010E+08        9570.00      36.98141    36.98093    34.02847
 .10010E+08        9590.00      36.99447    36.99400    34.02775
 .10010E+08        9610.00      36.98569    36.98521    34.02702
 .10010E+08        9630.00      36.98585    36.98537    34.02629
 .10010E+08        9650.00      36.97541    36.97493    34.02557
 .10010E+08        9670.00      36.97339    36.97290    34.02484
 .10010E+08        9690.00      36.98270    36.98222    34.02411
 .10010E+08        9710.00      36.97747    36.97699    34.02337
 .10010E+08        9730.00      36.97408    36.97359    34.02264
 .10010E+08        9750.00      36.96983    36.96934    34.02190
 .10010E+08        9770.00      36.97187    36.97138    34.02117
 .10010E+08        9790.00      36.96236    36.96186    34.02043
 .10010E+08        9810.00      36.97794    36.97746    34.01969
 .10010E+08        9830.00      36.97086    36.97038    34.01895
 .10010E+08        9850.00      36.97598    36.97550    34.01821
 .10010E+08        9870.00      36.97168    36.97120    34.01747
 .10010E+08        9890.00      36.97044    36.96996    34.01672
 .10010E+08        9910.00      36.96758    36.96709    34.01598
 .10010E+08        9930.00      36.96844    36.96796    34.01524
 .10010E+08        9950.00      36.96734    36.96686    34.01449
 .10010E+08        9970.00      36.96809    36.96761    34.01374
 .10010E+08        9990.00      36.96494    36.96446    34.01299
 .10010E+08       10025.00      36.95728    36.95679    34.01167
 .10010E+08       10075.00      36.94791    36.94740    34.00978
 .10010E+08       10125.00      36.95280    36.95231    34.00789
 .10010E+08       10175.00      36.94536    36.94486    34.00599
 .10010E+08       10225.00      36.94559    36.94509    34.00407
 .10010E+08       10275.00      36.94511    36.94461    34.00216
 .10010E+08       10325.00      36.93408    36.93358    34.00023
 .10010E+08       10375.00      36.92903    36.92852    33.99829
 .10010E+08       10425.00      36.93037    36.92987    33.99635
 .10010E+08       10475.00      36.92505    36.92454    33.99439
 .10010E+08       10525.00      36.92484    36.92433    33.99243
 .10010E+08       10575.00      36.91727    36.91676    33.99046
 .10010E+08       10625.00      36.91487    36.91435    33.98847
 .10010E+08       10675.00      36.90327    36.90274    33.98648
 .10010E+08       10725.00      36.90300    36.90247    33.98448
 .10010E+08       10775.00      36.89737    36.89684    33.98248
 .10010E+08       10825.00      36.88943    36.88890    33.98045
 .10010E+08       10875.00      36.88868    36.88814    33.97843
 .10010E+08       10925.00      36.88819    36.88766    33.97639
 .10010E+08       10975.00      36.88251    36.88197    33.97434
 .10010E+08       11025.00      36.88452    36.88399    33.97229
 .10010E+08       11075.00      36.88155    36.88102    33.97022
 .10010E+08       11125.00      36.87741    36.87688    33.96815
 .10010E+08       11175.00      36.87111    36.87057    33.96606
 .10010E+08       11225.00      36.87011    36.86957    33.96396
 .10010E+08       11275.00      36.86137    36.86082    33.96186
 .10010E+08       11325.00      36.85835    36.85780    33.95974
 .10010E+08       11375.00      36.85381    36.85326    33.95761
 .10010E+08       11425.00      36.84784    36.84728    33.95547
 .10010E+08       11475.00      36.85331    36.85276    33.95333
 .10010E+08       11525.00      36.85034    36.84980    33.95117
 .10010E+08       11575.00      36.84188    36.84132    33.94900
 .10010E+08       11625.00      36.83447    36.83390    33.94682
 .10010E+08       11675.00      36.83359    36.83302    33.94463
 .10010E+08       11725.00      36.83708    36.83653    33.94243
 .10010E+08       11775.00      36.82722    36.82665    33.94021
 .10010E+08       11825.00      36.82347    36.82291    33.93799
 .10010E+08       11875.00      36.81428    36.81371    33.93575
 .10010E+08       11925.00      36.82244    36.82188    33.93350
 .10010E+08       11975.00      36.80385    36.80326    33.93124
 .10010E+08       12025.00      36.81321    36.81264    33.92897
 .10010E+08       12075.00      36.80677    36.80620    33.92669
 .10010E+08       12125.00      36.80586    36.80529    33.92439
 .10010E+08       12175.00      36.80629    36.80573    33.92208
 .10010E+08       12225.00      36.80174    36.80117    33.91977
 .10010E+08       12275.00      36.79802    36.79745    33.91743
 .10010E+08       12325.00      36.79285    36.79227    33.91509
 .10010E+08       12375.00      36.79172    36.79115    33.91273
 .10010E+08       12425.00      36.78727    36.78669    33.91036
 .10010E+08       12475.00      36.78583    36.78526    33.90797
 .10010E+08       12525.00      36.77828    36.77769    33.90558
 .10010E+08       12575.00      36.77671    36.77612    33.90317
 .10010E+08       12625.00      36.77392    36.77334    33.90075
 .10010E+08       12675.00      36.76795    36.76736    33.89831
 .10010E+08       12725.00      36.76784    36.76725    33.89586
 .10010E+08       12775.00      36.76815    36.76757    33.89339
 .10010E+08       12825.00      36.74699    36.74639    33.89091
 .10010E+08       12875.00      36.75626    36.75568    33.88842
 .10010E+08       12925.00      36.74769    36.74709    33.88591
 .10010E+08       12975.00      36.75434    36.75375    33.88339
 .10010E+08       13025.00      36.74578    36.74519    33.88085
 .10010E+08       13075.00      36.74919    36.74861    33.87830
 .10010E+08       13125.00      36.73917    36.73858    33.87574
 .10010E+08       13175.00      36.73820    36.73761    33.87315
 .10010E+08       13225.00      36.73800    36.73740    33.87056
 .10010E+08       13275.00      36.72830    36.72770    33.86794
 .10010E+08       13325.00      36.73318    36.73259    33.86531
 .10010E+08       13375.00      36.72642    36.72582    33.86267
 .10010E+08       13425.00      36.73035    36.72976    33.86001
 .10010E+08       13475.00      36.72629    36.72570    33.85733
 .10010E+08       13525.00      36.72470    36.72411    33.85463
 .10010E+08       13575.00      36.71516    36.71456    33.85192
 .10010E+08       13625.00      36.71267    36.71207    33.84920
 .10010E+08       13675.00      36.71414    36.71355    33.84645
 .10010E+08       13725.00      36.71486    36.71428    33.84369
 .10010E+08       13775.00      36.71114    36.71056    33.84091
 .10010E+08       13825.00      36.71163    36.71105    33.83811
 .10010E+08       13875.00      36.70511    36.70452    33.83529
 .10010E+08       13925.00      36.70760    36.70702    33.83246
 .10010E+08       13975.00      36.70757    36.70700    33.82961
 .10010E+08       14025.00      36.69789    36.69730    33.82673
 .10010E+08       14075.00      36.70261    36.70204    33.82384
 .10010E+08       14125.00      36.69480    36.69421    33.82093
 .10010E+08       14175.00      36.69928    36.69871    33.81800
 .10010E+08       14225.00      36.69070    36.69013    33.81505
 .10010E+08       14275.00      36.68136    36.68077    33.81208
 .10010E+08       14325.00      36.69063    36.69006    33.80909
 .10010E+08       14375.00      36.69114    36.69057    33.80607
 .10010E+08       14425.00      36.67481    36.67422    33.80304
 .10010E+08       14475.00      36.68532    36.68475    33.79999
 .10010E+08       14525.00      36.67792    36.67735    33.79691
 .10010E+08       14570.00      36.68084    36.68027    33.79412
 .10010E+08       14620.00      36.67937    36.67900    33.62001
 .10010E+08       14675.00      36.67863    36.67825    33.61868
 .10010E+08       14725.00      36.66806    36.66767    33.61747
 .10010E+08       14775.00      36.67129    36.67090    33.61626
 .10010E+08       14825.00      36.66971    36.66933    33.61504
 .10010E+08       14875.00      36.66499    36.66460    33.61382
 .10010E+08       14925.00      36.67456    36.67418    33.61260
 .10010E+08       14975.00      36.66610    36.66571    33.61137
 .10010E+08       15025.00      36.66421    36.66383    33.61015
 .10010E+08       15075.00      36.65726    36.65687    33.60891
 .10010E+08       15125.00      36.66364    36.66326    33.60767
 .10010E+08       15175.00      36.66373    36.66335    33.60643
 .10010E+08       15225.00      36.66302    36.66265    33.60519
 .10010E+08       15275.00      36.66492    36.66455    33.60394
 .10010E+08       15325.00      36.65990    36.65952    33.60269
 .10010E+08       15375.00      36.66510    36.66473    33.60143
 .10010E+08       15425.00      36.66167    36.66129    33.60018
 .10010E+08       15475.00      36.66112    36.66074    33.59892
 .10010E+08       15525.00      36.65268    36.65230    33.59765
 .10010E+08       15575.00      36.62530    36.62489    33.59638
 .10010E+08       15625.00      36.63907    36.63868    33.59510
 .10010E+08       15675.00      36.63623    36.63583    33.59383
 .10010E+08       15725.00      36.64886    36.64848    33.59255
 .10010E+08       15775.00      36.60435    36.60393    33.59126
 .10010E+08       15825.00      36.61507    36.61467    33.58997
 .10010E+08       15875.00      36.61050    36.61008    33.58868
 .10010E+08       15925.00      36.62500    36.62460    33.58739
 .10010E+08       15975.00      36.60762    36.60721    33.58609
 .10010E+08       16050.00      36.64236    36.64198    33.58413
 .10010E+08       16150.00      36.63923    36.63885    33.58150
 .10010E+08       16250.00      36.63785    36.63747    33.57887
 .10010E+08       16350.00      36.63506    36.63468    33.57621
 .10010E+08       16450.00      36.62418    36.62379    33.57354
 .10010E+08       16550.00      36.62139    36.62101    33.57085
 .10010E+08       16650.00      36.61525    36.61486    33.56815
 .10010E+08       16750.00      36.60500    36.60460    33.56542
 .10010E+08       16850.00      36.59332    36.59292    33.56268
 .10010E+08       16950.00      36.59556    36.59515    33.55993
 .10010E+08       17050.00      36.57857    36.57815    33.55715
 .10010E+08       17150.00      36.57841    36.57800    33.55436
 .10010E+08       17250.00      36.56119    36.56077    33.55155
 .10010E+08       17350.00      36.55271    36.55228    33.54872
 .10010E+08       17450.00      36.54772    36.54729    33.54587
 .10010E+08       17550.00      36.53963    36.53919    33.54301
 .10010E+08       17650.00      36.53376    36.53332    33.54012
 .10010E+08       17750.00      36.52330    36.52286    33.53722
 .10010E+08       17850.00      36.52064    36.52020    33.53429
 .10010E+08       17950.00      36.51028    36.50983    33.53135
 .10010E+08       18050.00      36.49960    36.49913    33.52839
 .10010E+08       18150.00      36.49392    36.49345    33.52540
 .10010E+08       18250.00      36.48473    36.48426    33.52240
 .10010E+08       18350.00      36.47655    36.47607    33.51937
 .10010E+08       18450.00      36.46635    36.46586    33.51632
 .10010E+08       18550.00      36.46311    36.46262    33.51326
 .10010E+08       18650.00      36.44883    36.44833    33.51016
 .10010E+08       18750.00      36.44139    36.44089    33.50705
 .10010E+08       18850.00      36.43871    36.43820    33.50392
 .10010E+08       18950.00      36.41615    36.41562    33.50076
 .10010E+08       19050.00      36.42825    36.42774    33.49758
 .10010E+08       19150.00      36.41825    36.41774    33.49437
 .10010E+08       19250.00      36.41309    36.41257    33.49115
 .10010E+08       19350.00      36.39894    36.39841    33.48789
 .10010E+08       19450.00      36.38866    36.38811    33.48462
 .10010E+08       19550.00      36.39049    36.38995    33.48132
 .10010E+08       19650.00      36.38161    36.38107    33.47799
 .10010E+08       19750.00      36.37187    36.37132    33.47464
 .10010E+08       19850.00      36.36781    36.36726    33.47126
 .10010E+08       19950.00      36.36142    36.36086    33.46785
 .10010E+08       20050.00      36.35997    36.35941    33.46442
 .10010E+08       20150.00      36.35368    36.35313    33.46096
 .10010E+08       20250.00      36.33842    36.33785    33.45747
 .10010E+08       20350.00      36.33256    36.33199    33.45396
 .10010E+08       20450.00      36.33467    36.33410    33.45041
 .10010E+08       20550.00      36.32536    36.32478    33.44684
 .10010E+08       20650.00      36.31671    36.31613    33.44324
 .10010E+08       20750.00      36.31154    36.31096    33.43960
 .10010E+08       20850.00      36.30285    36.30226    33.43594
 .10010E+08       20950.00      36.29390    36.29330    33.43224
 .10010E+08       21050.00      36.29367    36.29308    33.42852
 .10010E+08       21150.00      36.28400    36.28339    33.42476
 .10010E+08       21250.00      36.27637    36.27576    33.42097
 .10010E+08       21350.00      36.27562    36.27502    33.41714
 .10010E+08       21450.00      36.26793    36.26733    33.41328
 .10010E+08       21550.00      36.26009    36.25948    33.40939
 .10010E+08       21650.00      36.25159    36.25097    33.40546
 .10010E+08       21750.00      36.24344    36.24281    33.40149
 .10010E+08       21850.00      36.23883    36.23820    33.39749
 .10010E+08       21950.00      36.23436    36.23373    33.39345
 .10010E+08       22050.00      36.22066    36.22002    33.38937
 .10010E+08       22150.00      36.22350    36.22287    33.38526
 .10010E+08       22250.00      36.20882    36.20818    33.38111
 .10010E+08       22350.00      36.20453    36.20389    33.37691
 .10010E+08       22450.00      36.19934    36.19869    33.37268
 .10010E+08       22550.00      36.19476    36.19411    33.36840
 .10010E+08       22650.00      36.18341    36.18275    33.36408
 .10010E+08       22750.00      36.18473    36.18408    33.35971
 .10010E+08       22850.00      36.17324    36.17270    33.26586
 .10010E+08       22950.00      36.08859    36.08794    33.26409
 .10010E+08       23050.00      36.12727    36.12667    33.26232
 .10010E+08       23150.00      36.12017    36.11957    33.26054
 .10010E+08       23250.00      36.04359    36.04288    33.25875
 .10010E+08       23350.00      36.08636    36.08571    33.25695
 .10010E+08       23450.00      36.06290    36.06223    33.25515
 .10010E+08       23550.00      35.99060    35.98981    33.25334
 .10010E+08       23650.00      36.04534    36.04464    33.25153
 .10010E+08       23750.00      36.02193    36.02120    33.24970
 .10010E+08       23850.00      35.96581    35.96497    33.24786
 .10010E+08       23950.00      36.01187    36.01112    33.24603
 .10010E+08       24050.00      36.00063    35.99987    33.24417
 .10010E+08       24150.00      35.94980    35.94894    33.24232
 .10010E+08       24250.00      35.98770    35.98692    33.24046
 .10010E+08       24350.00      35.97853    35.97774    33.23858
 .10010E+08       24450.00      35.94865    35.94780    33.23670
 .10010E+08       24550.00      35.95244    35.95161    33.23481
 .10010E+08       24650.00      35.96936    35.96857    33.23291
 .10010E+08       24750.00      35.95067    35.94984    33.23101
 .10010E+08       24850.00      35.92473    35.92385    33.22910
 .10010E+08       24950.00      35.94224    35.94140    33.22717
 .10010E+08       25050.00      35.95914    35.95834    33.22524
 .10010E+08       25150.00      35.91077    35.90987    33.22330
 .10010E+08       25250.00      35.93745    35.93661    33.22135
 .10010E+08       25350.00      35.93444    35.93361    33.21940
 .10010E+08       25450.00      35.92617    35.92532    33.21743
 .10010E+08       25550.00      35.91599    35.91513    33.21545
 .10010E+08       25650.00      35.91775    35.91689    33.21347
 .10010E+08       25750.00      35.92253    35.92169    33.21148
 .10010E+08       25850.00      35.89391    35.89301    33.20948
 .10010E+08       25950.00      35.90004    35.89916    33.20747
 .10010E+08       26050.00      35.91009    35.90923    33.20544
 .10010E+08       26150.00      35.89635    35.89547    33.20341
 .10010E+08       26250.00      35.88950    35.88861    33.20137
 .10010E+08       26350.00      35.89455    35.89367    33.19933
 .10010E+08       26450.00      35.89204    35.89117    33.19727
 .10010E+08       26550.00      35.88181    35.88091    33.19520
 .10010E+08       26650.00      35.87239    35.87148    33.19312
 .10010E+08       26750.00      35.88843    35.88755    33.19103
 .10010E+08       26850.00      35.88202    35.88113    33.18893
 .10010E+08       26950.00      35.86173    35.86081    33.18682
 .10010E+08       27050.00      35.87224    35.87135    33.18470
 .10010E+08       27150.00      35.86679    35.86589    33.18257
 .10010E+08       27250.00      35.86926    35.86837    33.18043
 .10010E+08       27350.00      35.84828    35.84735    33.17828
 .10010E+08       27450.00      35.85653    35.85562    33.17612
 .10010E+08       27550.00      35.85801    35.85711    33.17395
 .10010E+08       27650.00      35.84882    35.84791    33.17176
 .10010E+08       27750.00      35.83436    35.83342    33.16957
 .10010E+08       27850.00      35.84092    35.84000    33.16736
 .10010E+08       27950.00      35.84193    35.84101    33.16515
 .10010E+08       28050.00      35.83656    35.83563    33.16292
 .10010E+08       28150.00      35.82393    35.82298    33.16068
 .10010E+08       28250.00      35.82502    35.82408    33.15842
 .10010E+08       28350.00      35.82539    35.82446    33.15616
 .10010E+08       28450.00      35.81933    35.81839    33.15389
 .10010E+08       28550.00      35.81262    35.81167    33.15160
 .10010E+08       28650.00      35.80918    35.80823    33.14930
 .10010E+08       28750.00      35.80563    35.80467    33.14699
 .10010E+08       28850.00      35.80126    35.80030    33.14467
 .10010E+08       28950.00      35.79642    35.79545    33.14233
 .10010E+08       29050.00      35.79107    35.79010    33.13998
 .10010E+08       29150.00      35.78876    35.78780    33.13762
 .10010E+08       29250.00      35.77840    35.77741    33.13525
 .10010E+08       29350.00      35.78123    35.78026    33.13286
 .10010E+08       29450.00      35.77251    35.77151    33.13046
 .10010E+08       29550.00      35.76806    35.76706    33.12804
 .10010E+08       29650.00      35.76675    35.76576    33.12562
 .10010E+08       29750.00      35.76212    35.76112    33.12318
 .10010E+08       29850.00      35.75535    35.75434    33.12072
 .10010E+08       29950.00      35.75110    35.75009    33.11825
 .10010E+08       30050.00      35.74560    35.74458    33.11577
 .10010E+08       30150.00      35.74335    35.74233    33.11327
 .10010E+08       30250.00      35.73656    35.73553    33.11076
 .10010E+08       30350.00      35.72962    35.72858    33.10823
 .10010E+08       30450.00      35.72800    35.72696    33.10569
 .10010E+08       30550.00      35.72172    35.72067    33.10313
 .10010E+08       30650.00      35.71702    35.71597    33.10056
 .10010E+08       30750.00      35.71354    35.71248    33.09798
 .10010E+08       30850.00      35.70563    35.70456    33.09538
 .10010E+08       30950.00      35.70123    35.70016    33.09276
 .10010E+08       31050.00      35.69939    35.69833    33.09013
 .10010E+08       31150.00      35.69045    35.68937    33.08747
 .10010E+08       31250.00      35.68802    35.68694    33.08481
 .10010E+08       31350.00      35.68338    35.68229    33.08213
 .10010E+08       31450.00      35.67810    35.67701    33.07943
 .10010E+08       31550.00      35.67274    35.67163    33.07671
 .10010E+08       31650.00      35.66626    35.66515    33.07398
 .10010E+08       31750.00      35.66373    35.66261    33.07123
 .10010E+08       31850.00      35.65810    35.65698    33.06846
 .10010E+08       31950.00      35.65434    35.65322    33.06567
 .10010E+08       32100.00      35.64579    35.64466    33.06146
 .10010E+08       32300.00      35.63495    35.63380    33.05578
 .10010E+08       32500.00      35.62508    35.62392    33.05003
 .10010E+08       32700.00      35.61451    35.61334    33.04419
 .10010E+08       32900.00      35.60414    35.60309    32.98893
 .10010E+08       33100.00      35.59426    35.59319    32.98611
 .10010E+08       33300.00      35.58397    35.58288    32.98328
 .10010E+08       33500.00      35.57591    35.57481    32.98043
 .10010E+08       33700.00      35.56522    35.56410    32.97756
 .10010E+08       33900.00      35.55492    35.55378    32.97467
 .10010E+08       34100.00      35.54437    35.54321    32.97176
 .10010E+08       34300.00      35.53687    35.53570    32.96883
 .10010E+08       34500.00      35.52816    35.52697    32.96589
 .10010E+08       34700.00      35.51834    35.51713    32.96292
 .10010E+08       34900.00      35.50934    35.50811    32.95993
 .10010E+08       35100.00      35.50084    35.49960    32.95692
 .10010E+08       35300.00      35.48959    35.48832    32.95389
 .10010E+08       35500.00      35.48193    35.48065    32.95084
 .10010E+08       35700.00      35.47216    35.47086    32.94777
 .10010E+08       35900.00      35.46282    35.46151    32.94467
 .10010E+08       36100.00      35.45525    35.45392    32.94156
 .10010E+08       36300.00      35.44645    35.44510    32.93842
 .10010E+08       36500.00      35.43511    35.43373    32.93525
 .10010E+08       36700.00      35.42598    35.42458    32.93206
 .10010E+08       36900.00      35.41391    35.41248    32.92886
 .10010E+08       37100.00      35.40374    35.40230    32.92562
 .10010E+08       37300.00      35.39819    35.39674    32.92236
 .10010E+08       37500.00      35.38495    35.38346    32.91908
 .10010E+08       37700.00      35.38125    35.37976    32.91578
 .10010E+08       37900.00      35.37191    35.37040    32.91245
 .10010E+08       38100.00      35.36495    35.36343    32.90908
 .10010E+08       38300.00      35.35810    35.35657    32.90570
 .10010E+08       38500.00      35.35020    35.34864    32.90229
 .10010E+08       38700.00      35.33861    35.33703    32.89885
 .10010E+08       38900.00      35.33145    35.32986    32.89539
 .10010E+08       39100.00      35.32414    35.32254    32.89189
 .10010E+08       39300.00      35.31636    35.31473    32.88837
 .10010E+08       39500.00      35.30476    35.30311    32.88482
 .10010E+08       39700.00      35.29760    35.29593    32.88124
 .10010E+08       39900.00      35.28524    35.28354    32.87763
 .10010E+08       40100.00      35.27998    35.27827    32.87399
 .10010E+08       40300.00      35.27423    35.27251    32.87032
 .10010E+08       40500.00      35.26470    35.26296    32.86662
 .10010E+08       40700.00      35.25777    35.25602    32.86288
 .10010E+08       40900.00      35.25000    35.24823    32.85912
 .10010E+08       41100.00      35.24268    35.24089    32.85532
 .10010E+08       41300.00      35.23547    35.23368    32.85149
 .10010E+08       41500.00      35.22631    35.22449    32.84762
 .10010E+08       41700.00      35.21785    35.21601    32.84372
 .10010E+08       41900.00      35.20981    35.20795    32.83978
 .10010E+08       42100.00      35.20082    35.19894    32.83581
 .10010E+08       42300.00      35.19661    35.19473    32.83180
 .10010E+08       42500.00      35.18629    35.18438    32.82775
 .10010E+08       42700.00      35.18042    35.17851    32.82367
 .10010E+08       42900.00      35.14074    35.13866    32.81954
 .10010E+08       43100.00      35.10328    35.10103    32.81538
 .10010E+08       43300.00      35.11405    35.11188    32.81118
 .10010E+08       43500.00      35.07708    35.07475    32.80693
 .10010E+08       43700.00      35.06139    35.05899    32.80265
 .10010E+08       43900.00      35.04527    35.04280    32.79832
 .10010E+08       44100.00      35.00513    35.00245    32.79395
 .10010E+08       44300.00      35.00756    35.00492    32.78953
 .10010E+08       44500.00      34.99241    34.98970    32.78506
 .10010E+08       44700.00      34.96204    34.95937    32.74979
 .10010E+08       44900.00      34.97680    34.97422    32.74975
 .10010E+08       45100.00      34.95704    34.95434    32.74971
 .10010E+08       45300.00      34.93594    34.93310    32.74966
 .10010E+08       45500.00      34.94472    34.94194    32.74962
 .10010E+08       45700.00      34.93629    34.93345    32.74957
 .10010E+08       45900.00      34.90993    34.90692    32.74953
 .10010E+08       46100.00      34.92559    34.92268    32.74949
 .10010E+08       46300.00      34.90961    34.90659    32.74944
 .10010E+08       46500.00      34.90700    34.90396    32.74940
 .10010E+08       46700.00      34.90830    34.90528    32.74935
 .10010E+08       46900.00      34.89642    34.89331    32.74931
 .10010E+08       47100.00      34.88493    34.88174    32.74926
 .10010E+08       47300.00      34.89521    34.89209    32.74922
 .10010E+08       47500.00      34.88211    34.87890    32.74917
 .10010E+08       47700.00      34.87699    34.87374    32.74913
 .10010E+08       47900.00      34.87157    34.86828    32.74908
 .10010E+08       48100.00      34.85762    34.85423    32.74904
 .10010E+08       48300.00      34.86929    34.86598    32.74900
 .10010E+08       48500.00      34.85829    34.85490    32.74895
 .10010E+08       48700.00      34.84660    34.84311    32.74891
 .10010E+08       48900.00      34.84436    34.84086    32.74886
 .10010E+08       49100.00      34.83666    34.83310    32.74882
 .10010E+08       49300.00      34.83144    34.82784    32.74877
 .10010E+08       49500.00      34.82157    34.81788    32.74873
 .10010E+08       49700.00      34.82629    34.82264    32.74868
 .10010E+08       49900.00      34.81603    34.81229    32.74864
 .10010E+08       50100.00      34.81538    34.81164    32.74860
 .10010E+08       50300.00      34.80978    34.80599    32.74855
 .10010E+08       50500.00      34.79609    34.79218    32.74850
 .10010E+08       50700.00      34.79615    34.79224    32.74846
 .10010E+08       50900.00      34.79034    34.78638    32.74842
 .10010E+08       51100.00      34.78257    34.77853    32.74837
 .10010E+08       51300.00      34.77912    34.77505    32.74833
 .10010E+08       51500.00      34.77061    34.76646    32.74828
 .10010E+08       51700.00      34.77593    34.77184    32.74824
 .10010E+08       51900.00      34.76625    34.76206    32.74819
 .10010E+08       52100.00      34.76077    34.75653    32.74815
 .10010E+08       52300.00      34.75401    34.74970    32.74810
 .10010E+08       52500.00      34.75342    34.74911    32.74806
 .10010E+08       52700.00      34.75817    34.75390    32.74802
 .10010E+08       52900.00      34.74127    34.73684    32.74797
 .10010E+08       53100.00      34.73292    34.72840    32.74792
 .10010E+08       53300.00      34.73456    34.73006    32.74788
 .10010E+08       53500.00      34.72901    34.72445    32.74784
 .10010E+08       53700.00      34.72427    34.71966    32.74779
 .10010E+08       53900.00      34.72144    34.71680    32.74775
 .10010E+08       54100.00      34.71711    34.71243    32.74770
 .10010E+08       54300.00      34.70743    34.70264    32.74766
 .10010E+08       54500.00      34.71040    34.70565    32.74761
 .10010E+08       54700.00      34.69845    34.69356    32.74757
 .10010E+08       54900.00      34.69960    34.69472    32.74752
 .10010E+08       55100.00      34.68857    34.68357    32.74748
 .10010E+08       55300.00      34.70074    34.69587    32.74744
 .10010E+08       55500.00      34.68208    34.67701    32.74739
 .10010E+08       55700.00      34.68575    34.68072    32.74734
 .10010E+08       55900.00      34.67635    34.67120    32.74730
 .10010E+08       56100.00      34.67917    34.67406    32.74726
 .10010E+08       56300.00      34.66586    34.66058    32.74721
 .10010E+08       56500.00      34.66841    34.66317    32.74717
 .10010E+08       56700.00      34.66245    34.65714    32.74712
 .10010E+08       56900.00      34.65063    34.64517    32.74708
 .10010E+08       57100.00      34.65434    34.64893    32.74703
 .10010E+08       57300.00      34.65034    34.64488    32.74699
 .10010E+08       57500.00      34.64414    34.63860    32.74694
 .10010E+08       57700.00      34.63918    34.63358    32.74690
 .10010E+08       57900.00      34.63877    34.63316    32.74685
 .10010E+08       58100.00      34.63190    34.62621    32.74681
 .10010E+08       58300.00      34.62794    34.62220    32.74677
 .10010E+08       58500.00      34.62304    34.61723    32.74672
 .10010E+08       58700.00      34.61428    34.60835    32.74667
 .10010E+08       58900.00      34.61173    34.60577    32.74663
 .10010E+08       59100.00      34.60716    34.60114    32.74659
 .10010E+08       59300.00      34.60475    34.59869    32.74654
 .10010E+08       59500.00      34.59661    34.59044    32.74650
 .10010E+08       59700.00      34.59638    34.59020    32.74645
 .10010E+08       59900.00      34.59177    34.58552    32.74641
 .10010E+08       60100.00      34.58700    34.58068    32.74636
 .10010E+08       60300.00      34.58185    34.57546    32.74632
 .10010E+08       60500.00      34.57415    34.56765    32.74627
 .10010E+08       60700.00      34.57049    34.56393    32.74623
 .10010E+08       60900.00      34.56470    34.55806    32.74618
 .10010E+08       61100.00      34.55942    34.55269    32.74614
 .10010E+08       61300.00      34.55711    34.55035    32.74609
 .10010E+08       61500.00      34.55383    34.54702    32.74605
 .10010E+08       61700.00      34.55206    34.54522    32.74600
 .10010E+08       61900.00      34.54555    34.53860    32.74596
 .10010E+08       62100.00      34.54324    34.53626    32.74591
 .10010E+08       62300.00      34.53565    34.52854    32.74587
 .10010E+08       62500.00      34.52860    34.52138    32.74582
 .10010E+08       62700.00      34.52437    34.51708    32.74578
 .10010E+08       62900.00      34.52045    34.51309    32.74574
 .10010E+08       63100.00      34.51576    34.50832    32.74569
 .10010E+08       63300.00      34.51422    34.50676    32.74564
 .10010E+08       63500.00      34.50779    34.50022    32.74560
 .10010E+08       63700.00      34.50660    34.49900    32.74556
 .10010E+08       63900.00      34.49918    34.49146    32.74551
 .10010E+08       64200.00      34.49325    34.48542    32.74545
 .10010E+08       64600.00      34.48246    34.47443    32.74535
 .10010E+08       65000.00      34.47375    34.46555    32.74526
 .10010E+08       65400.00      34.46424    34.45586    32.74517
 .10010E+08       65800.00      34.45636    34.44783    32.74508
 .10010E+08       66200.00      34.44628    34.43756    32.74500
 .10010E+08       66600.00      34.43745    34.42854    32.74490
 .10010E+08       67000.00      34.42876    34.41967    32.74481
 .10010E+08       67400.00      34.41858    34.40927    32.74472
 .10010E+08       67800.00      34.40968    34.40019    32.74464
 .10010E+08       68200.00      34.40029    34.39059    32.74454
 .10010E+08       68600.00      34.39214    34.38225    32.74445
 .10010E+08       69000.00      34.38218    34.37207    32.74437
 .10010E+08       69400.00      34.37341    34.36309    32.74427
 .10010E+08       69800.00      34.36429    34.35375    32.74419
 .10010E+08       70200.00      34.35495    34.34418    32.74409
 .10010E+08       70600.00      34.34664    34.33566    32.74400
 .10010E+08       71000.00      34.33720    34.32598    32.74392
 .10010E+08       71400.00      34.32872    34.31727    32.74382
 .10010E+08       71800.00      34.31952    34.30783    32.74374
 .10010E+08       72200.00      34.31087    34.29895    32.74364
 .10010E+08       72600.00      34.30179    34.28961    32.74355
 .10010E+08       73000.00      34.29311    34.28068    32.74347
 .10010E+08       73400.00      34.28400    34.27131    32.74337
 .10010E+08       73800.00      34.27552    34.26257    32.74329
 .10010E+08       74200.00      34.26582    34.25259    32.74319
 .10010E+08       74600.00      34.25711    34.24360    32.74310
 .10010E+08       75000.00      34.24865    34.23488    32.74301
 .10010E+08       75400.00      34.24000    34.22594    32.74292
 .10010E+08       75800.00      34.23204    34.21773    32.74283
 .10010E+08       76200.00      34.22363    34.20903    32.74274
 .10010E+08       76600.00      34.21511    34.20023    32.74265
 .10010E+08       77000.00      34.20649    34.19131    32.74256
 .10010E+08       77400.00      34.19817    34.18269    32.74247
 .10010E+08       77800.00      34.18986    34.17407    32.74238
 .10010E+08       78200.00      34.18145    34.16536    32.74229
 .10010E+08       78600.00      34.17325    34.15685    32.74220
 .10010E+08       79000.00      34.16481    34.14809    32.74211
 .10010E+08       79400.00      34.15652    34.13947    32.74202
 .10010E+08       79800.00      34.14859    34.13122    32.74193
 .10010E+08       80200.00      34.13983    34.12210    32.74184
 .10010E+08       80600.00      34.13176    34.11370    32.74175
 .10010E+08       81000.00      34.12412    34.10574    32.74166
 .10010E+08       81400.00      34.11585    34.09711    32.74157
 .10010E+08       81800.00      34.10817    34.08909    32.74148
 .10010E+08       82200.00      34.10028    34.08084    32.74139
 .10010E+08       82600.00      34.09232    34.07252    32.74129
 .10010E+08       83000.00      34.08453    34.06437    32.74120
 .10010E+08       83400.00      34.07634    34.05579    32.74111
 .10010E+08       83800.00      34.06857    34.04765    32.74102
 .10010E+08       84200.00      34.06122    34.03993    32.74093
 .10010E+08       84600.00      34.05333    34.03165    32.74084
 .10010E+08       85000.00      34.04578    34.02372    32.74075
 .10010E+08       85400.00      34.03823    34.01577    32.74066
 .10010E+08       85800.00      34.03074    34.00788    32.74057
 .10010E+08       86200.00      34.02340    34.00014    32.74048
 .10010E+08       86600.00      34.01596    33.99231    32.74039
 .10010E+08       87000.00      34.00857    33.98450    32.74030
 .10010E+08       87400.00      34.00114    33.97665    32.74021
 .10010E+08       87800.00      33.99379    33.96887    32.74012
 .10010E+08       88200.00      33.98606    33.96069    32.74002
 .10010E+08       88600.00      33.97883    33.95302    32.73993
 .10010E+08       89000.00      33.97160    33.94535    32.73985
 .10010E+08       89400.00      33.96471    33.93804    32.73975
 .10010E+08       89800.00      33.95712    33.92996    32.73966
 .10010E+08       90200.00      33.95042    33.92283    32.73957
 .10010E+08       90600.00      33.94349    33.91546    32.73948
 .10010E+08       91000.00      33.93572    33.90717    32.73939
 .10010E+08       91400.00      33.92918    33.90019    32.73930
 .10010E+08       91800.00      33.92231    33.89285    32.73920
 .10010E+08       92200.00      33.91579    33.88588    32.73912
 .10010E+08       92600.00      33.90876    33.87834    32.73903
 .10010E+08       93000.00      33.90200    33.87109    32.73893
 .10010E+08       93400.00      33.89502    33.86359    32.73884
 .10010E+08       93800.00      33.88831    33.85638    32.73875
 .10010E+08       94200.00      33.88152    33.84908    32.73866
 .10010E+08       94600.00      33.87467    33.84170    32.73857
 .10010E+08       95000.00      33.86805    33.83457    32.73848
 .10010E+08       95400.00      33.86154    33.82754    32.73839
 .10010E+08       95800.00      33.85503    33.82050    32.73830
 .10010E+08       96200.00      33.84824    33.81314    32.73820
 .10010E+08       96600.00      33.84198    33.80637    32.73811
 .10010E+08       97000.00      33.83531    33.79913    32.73802
 .10010E+08       97400.00      33.82817    33.79137    32.73793
 .10010E+08       97800.00      33.82224    33.78493    32.73784
 .10010E+08       98200.00      33.81598    33.77811    32.73775
 .10010E+08       98600.00      33.80980    33.77136    32.73766
 .10010E+08       99000.00      33.80347    33.76445    32.73756
 .10010E+08       99400.00      33.79707    33.75746    32.73747
 .10010E+08       99800.00      33.79089    33.75068    32.73738
 .10010E+08      100200.00      33.78465    33.74385    32.73729
 .10010E+08      200000.00      32.94332    32.55655    32.71386
 .10010E+08      400000.00      32.68357    31.35492    32.66270
 .10010E+08      600000.00      32.60949    30.64843    32.60471
 .10010E+08      800000.00      32.53952    30.14586    32.53777
 .10010E+08     1000000.00      32.45944    29.75544    32.45858
 .10010E+08     1200000.00      32.36219    29.43627    32.36167
 .10010E+08     1400000.00      32.23710    29.16610    32.23673
 .10010E+08     1600000.00      32.06097    28.93188    32.06064
