;+
;> _TIME = '[yr]'
;> _WAVE = '[A]'
;> _FLUX = 'log(F / [erg s-1 A-1])'
;> Source = 'Second panel of: http://www.stsci.edu/science/starburst99/figs/fig1.html'
;-

;~     TIME	      WAVE	    FLUX     STELLAR	 NEBULAR
 .49801E+09          91.00     -15.00000   -15.00000   -15.00000
 .49801E+09          94.00     -15.00000   -15.00000   -15.00000
 .49801E+09          96.00     -15.00000   -15.00000   -15.00000
 .49801E+09          98.00     -15.00000   -15.00000   -15.00000
 .49801E+09         100.00     -15.00000   -15.00000   -15.00000
 .49801E+09         102.00     -15.00000   -15.00000   -15.00000
 .49801E+09         104.00     -15.00000   -15.00000   -15.00000
 .49801E+09         106.00     -15.00000   -15.00000   -15.00000
 .49801E+09         108.00     -15.00000   -15.00000   -15.00000
 .49801E+09         110.00     -15.00000   -15.00000   -15.00000
 .49801E+09         114.00     -15.00000   -15.00000   -15.00000
 .49801E+09         118.00     -15.00000   -15.00000   -15.00000
 .49801E+09         121.00     -15.00000   -15.00000   -15.00000
 .49801E+09         125.00     -15.00000   -15.00000   -15.00000
 .49801E+09         127.00     -15.00000   -15.00000   -15.00000
 .49801E+09         128.00     -15.00000   -15.00000   -15.00000
 .49801E+09         131.00     -15.00000   -15.00000   -15.00000
 .49801E+09         132.00     -15.00000   -15.00000   -15.00000
 .49801E+09         134.00     -15.00000   -15.00000   -15.00000
 .49801E+09         137.00     -15.00000   -15.00000   -15.00000
 .49801E+09         140.00     -15.00000   -15.00000   -15.00000
 .49801E+09         143.00     -15.00000   -15.00000   -15.00000
 .49801E+09         147.00     -15.00000   -15.00000   -15.00000
 .49801E+09         151.00     -15.00000   -15.00000   -15.00000
 .49801E+09         155.00     -15.00000   -15.00000   -15.00000
 .49801E+09         159.00     -15.00000   -15.00000   -15.00000
 .49801E+09         162.00     -15.00000   -15.00000   -15.00000
 .49801E+09         166.00     -15.00000   -15.00000   -15.00000
 .49801E+09         170.00     -15.00000   -15.00000   -15.00000
 .49801E+09         173.00     -15.00000   -15.00000   -15.00000
 .49801E+09         177.00     -15.00000   -15.00000   -15.00000
 .49801E+09         180.00     -15.00000   -15.00000   -15.00000
 .49801E+09         182.00     -15.00000   -15.00000   -15.00000
 .49801E+09         186.00     -15.00000   -15.00000   -15.00000
 .49801E+09         191.00     -15.00000   -15.00000   -15.00000
 .49801E+09         194.00     -15.00000   -15.00000   -15.00000
 .49801E+09         198.00     -15.00000   -15.00000   -15.00000
 .49801E+09         202.00     -15.00000   -15.00000   -15.00000
 .49801E+09         205.00     -15.00000   -15.00000   -15.00000
 .49801E+09         210.00     -15.00000   -15.00000   -15.00000
 .49801E+09         216.00     -15.00000   -15.00000   -15.00000
 .49801E+09         220.00     -15.00000   -15.00000   -15.00000
 .49801E+09         223.00     -15.00000   -15.00000   -15.00000
 .49801E+09         227.00     -15.00000   -15.00000   -15.00000
 .49801E+09         230.00     -15.00000   -15.00000   -15.00000
 .49801E+09         234.00     -15.00000   -15.00000   -15.00000
 .49801E+09         240.00     -15.00000   -15.00000   -15.00000
 .49801E+09         246.00     -15.00000   -15.00000   -15.00000
 .49801E+09         252.00     -15.00000   -15.00000   -15.00000
 .49801E+09         257.00     -15.00000   -15.00000   -15.00000
 .49801E+09         260.00     -15.00000   -15.00000   -15.00000
 .49801E+09         264.00     -15.00000   -15.00000   -15.00000
 .49801E+09         269.00     -15.00000   -15.00000   -15.00000
 .49801E+09         274.00     -15.00000   -15.00000   -15.00000
 .49801E+09         279.00     -15.00000   -15.00000   -15.00000
 .49801E+09         284.00     -15.00000   -15.00000   -15.00000
 .49801E+09         290.00     -15.00000   -15.00000   -15.00000
 .49801E+09         296.00     -15.00000   -15.00000   -15.00000
 .49801E+09         301.00     -15.00000   -15.00000   -15.00000
 .49801E+09         308.00     -15.00000   -15.00000   -15.00000
 .49801E+09         318.00     -15.00000   -15.00000   -15.00000
 .49801E+09         328.00     -15.00000   -15.00000   -15.00000
 .49801E+09         338.00     -15.00000   -15.00000   -15.00000
 .49801E+09         348.00     -15.00000   -15.00000   -15.00000
 .49801E+09         357.00     -15.00000   -15.00000   -15.00000
 .49801E+09         366.00     -15.00000   -15.00000   -15.00000
 .49801E+09         375.00     -15.00000   -15.00000   -15.00000
 .49801E+09         385.00     -15.00000   -15.00000   -15.00000
 .49801E+09         395.00     -15.00000   -15.00000   -15.00000
 .49801E+09         405.00     -15.00000   -15.00000   -15.00000
 .49801E+09         414.00     -15.00000   -15.00000   -15.00000
 .49801E+09         422.00     -15.00000   -15.00000   -15.00000
 .49801E+09         430.00     -15.00000   -15.00000   -15.00000
 .49801E+09         441.00     -15.00000   -15.00000   -15.00000
 .49801E+09         451.00     -15.00000   -15.00000   -15.00000
 .49801E+09         460.00     -15.00000   -15.00000   -15.00000
 .49801E+09         470.00     -15.00000   -15.00000   -15.00000
 .49801E+09         480.00     -15.00000   -15.00000   -15.00000
 .49801E+09         490.00     -15.00000   -15.00000   -15.00000
 .49801E+09         500.00     -15.00000   -15.00000   -15.00000
 .49801E+09         506.00      19.12442    19.12442   -15.00000
 .49801E+09         512.00      19.38034    19.38034   -15.00000
 .49801E+09         520.00      19.66202    19.66202   -15.00000
 .49801E+09         530.00      20.00061    20.00061   -15.00000
 .49801E+09         540.00      20.32564    20.32564   -15.00000
 .49801E+09         550.00      20.64270    20.64270   -15.00000
 .49801E+09         560.00      20.94873    20.94873   -15.00000
 .49801E+09         570.00      21.24508    21.24508   -15.00000
 .49801E+09         580.00      21.53040    21.53040   -15.00000
 .49801E+09         590.00      21.81068    21.81068   -15.00000
 .49801E+09         600.00      22.08122    22.08122   -15.00000
 .49801E+09         610.00      22.34399    22.34399   -15.00000
 .49801E+09         620.00      22.59892    22.59892   -15.00000
 .49801E+09         630.00      22.84698    22.84698   -15.00000
 .49801E+09         640.00      23.08728    23.08728   -15.00000
 .49801E+09         650.00      23.29594    23.29594   -15.00000
 .49801E+09         658.00      23.47766    23.47766   -15.00000
 .49801E+09         665.00      23.63341    23.63341   -15.00000
 .49801E+09         675.00      23.85066    23.85066   -15.00000
 .49801E+09         685.00      24.06246    24.06246   -15.00000
 .49801E+09         695.00      24.26820    24.26820   -15.00000
 .49801E+09         705.00      24.46803    24.46803   -15.00000
 .49801E+09         716.00      24.68274    24.68274   -15.00000
 .49801E+09         726.00      24.87200    24.87200   -15.00000
 .49801E+09         735.00      25.02629    25.02629   -15.00000
 .49801E+09         745.00      25.20578    25.20578   -15.00000
 .49801E+09         755.00      25.38082    25.38082   -15.00000
 .49801E+09         765.00      25.55110    25.55110   -15.00000
 .49801E+09         775.00      25.71515    25.71515   -15.00000
 .49801E+09         785.00      25.87931    25.87931   -15.00000
 .49801E+09         795.00      25.88483    25.88483   -15.00000
 .49801E+09         805.00      26.03905    26.03905   -15.00000
 .49801E+09         815.00      26.18837    26.18837   -15.00000
 .49801E+09         825.00      26.33357    26.33357   -15.00000
 .49801E+09         835.00      26.47558    26.47558   -15.00000
 .49801E+09         845.00      26.61405    26.61405   -15.00000
 .49801E+09         855.00      26.74917    26.74917   -15.00000
 .49801E+09         865.00      26.88132    26.88132   -15.00000
 .49801E+09         875.00      27.00916    27.00916   -15.00000
 .49801E+09         885.00      27.13619    27.13619   -15.00000
 .49801E+09         895.00      27.25933    27.25933   -15.00000
 .49801E+09         905.00      27.30659    27.30659   -15.00000
 .49801E+09         915.00      29.20520    29.20520    22.85394
 .49801E+09         925.00      29.91214    29.91214    23.62684
 .49801E+09         935.00      30.07553    30.07553    23.88960
 .49801E+09         945.00      30.22502    30.22502    24.05214
 .49801E+09         955.00      30.37327    30.37327    24.17015
 .49801E+09         965.00      30.47883    30.47883    24.26284
 .49801E+09         975.00      30.49545    30.49545    24.33919
 .49801E+09         985.00      30.62859    30.62859    24.40410
 .49801E+09         995.00      30.67946    30.67946    24.46056
 .49801E+09        1005.00      30.79191    30.79191    24.51052
 .49801E+09        1015.00      30.86984    30.86984    24.55532
 .49801E+09        1025.00      30.81519    30.81519    24.59593
 .49801E+09        1035.00      30.99957    30.99957    24.63306
 .49801E+09        1045.00      31.07910    31.07910    24.66726
 .49801E+09        1055.00      31.14494    31.14494    24.69897
 .49801E+09        1065.00      31.19251    31.19251    24.72852
 .49801E+09        1075.00      31.26978    31.26978    24.75619
 .49801E+09        1085.00      31.32876    31.32876    24.78220
 .49801E+09        1095.00      31.37033    31.37033    24.80674
 .49801E+09        1105.00      31.87658    31.87658    24.82996
 .49801E+09        1115.00      32.12927    32.12927    24.85201
 .49801E+09        1125.00      32.23891    32.23891    24.87299
 .49801E+09        1135.00      32.29820    32.29820    24.89301
 .49801E+09        1145.00      32.34161    32.34161    24.91214
 .49801E+09        1155.00      32.35819    32.35819    24.93046
 .49801E+09        1165.00      32.43671    32.43671    24.94805
 .49801E+09        1175.00      32.46488    32.46488    24.96494
 .49801E+09        1185.00      32.44283    32.44283    24.98121
 .49801E+09        1195.00      32.22175    32.22175    24.99689
 .49801E+09        1205.00      32.22007    32.22007    25.01202
 .49801E+09        1215.00      31.57451    31.57451    25.02664
 .49801E+09        1225.00      32.26760    32.26760    25.04079
 .49801E+09        1235.00      32.59605    32.59605    25.05449
 .49801E+09        1245.00      32.92501    32.92501    25.06777
 .49801E+09        1255.00      33.26020    33.26020    25.08066
 .49801E+09        1265.00      33.43334    33.43334    25.09317
 .49801E+09        1275.00      34.07233    34.07233    25.10534
 .49801E+09        1285.00      34.48374    34.48374    25.11717
 .49801E+09        1295.00      34.63357    34.63357    25.12869
 .49801E+09        1305.00      34.40553    34.40553    25.13698
 .49801E+09        1315.00      34.83585    34.83585    25.14220
 .49801E+09        1325.00      34.93783    34.93783    25.14737
 .49801E+09        1335.00      34.91512    34.91512    25.15247
 .49801E+09        1345.00      35.09658    35.09658    25.15752
 .49801E+09        1355.00      35.07961    35.07961    25.16250
 .49801E+09        1365.00      35.05958    35.05958    25.16743
 .49801E+09        1375.00      35.13085    35.13085    25.17231
 .49801E+09        1385.00      35.09933    35.09933    25.17713
 .49801E+09        1395.00      35.16042    35.16042    25.18190
 .49801E+09        1405.00      35.18178    35.18178    25.18661
 .49801E+09        1415.00      35.14787    35.14787    25.19128
 .49801E+09        1425.00      35.22046    35.22046    25.19590
 .49801E+09        1435.00      35.17074    35.17074    25.20046
 .49801E+09        1442.00      35.25881    35.25881    25.20363
 .49801E+09        1447.00      35.35321    35.35321    25.20588
 .49801E+09        1455.00      35.36110    35.36110    25.20946
 .49801E+09        1465.00      35.29086    35.29086    25.21389
 .49801E+09        1475.00      35.29161    35.29161    25.21827
 .49801E+09        1485.00      35.35199    35.35199    25.22261
 .49801E+09        1495.00      35.40494    35.40494    25.22691
 .49801E+09        1505.00      35.43101    35.43101    25.22709
 .49801E+09        1512.00      35.36369    35.36369    25.22435
 .49801E+09        1517.00      35.38987    35.38987    25.22237
 .49801E+09        1525.00      35.40282    35.40282    25.21920
 .49801E+09        1535.00      35.36599    35.36599    25.21521
 .49801E+09        1545.00      35.55334    35.55334    25.21117
 .49801E+09        1555.00      35.48369    35.48369    25.20710
 .49801E+09        1565.00      35.42746    35.42746    25.20299
 .49801E+09        1575.00      35.56108    35.56108    25.19884
 .49801E+09        1585.00      35.59961    35.59961    25.19465
 .49801E+09        1595.00      35.66255    35.66255    25.19043
 .49801E+09        1605.00      35.62340    35.62340    25.18615
 .49801E+09        1615.00      35.59019    35.59019    25.18184
 .49801E+09        1625.00      35.50262    35.50262    25.17748
 .49801E+09        1635.00      35.57494    35.57494    25.17308
 .49801E+09        1645.00      35.63840    35.63840    25.16863
 .49801E+09        1655.00      35.46294    35.46294    25.16414
 .49801E+09        1665.00      35.63470    35.63470    25.15960
 .49801E+09        1672.00      35.37201    35.37201    25.15640
 .49801E+09        1677.00      35.67559    35.67559    25.15409
 .49801E+09        1685.00      35.72226    35.72226    25.15038
 .49801E+09        1695.00      35.64679    35.64679    25.14569
 .49801E+09        1705.00      35.63544    35.63544    25.14095
 .49801E+09        1715.00      35.66437    35.66437    25.13617
 .49801E+09        1725.00      35.66044    35.66044    25.13132
 .49801E+09        1735.00      35.70952    35.70952    25.12642
 .49801E+09        1745.00      35.69669    35.69669    25.12147
 .49801E+09        1755.00      35.75742    35.75742    25.11646
 .49801E+09        1765.00      35.64868    35.64868    25.11139
 .49801E+09        1775.00      35.72755    35.72755    25.10626
 .49801E+09        1785.00      35.71581    35.71581    25.10107
 .49801E+09        1795.00      35.79340    35.79340    25.09582
 .49801E+09        1805.00      35.75973    35.75973    25.09164
 .49801E+09        1815.00      35.75755    35.75755    25.08857
 .49801E+09        1825.00      35.73198    35.73198    25.08548
 .49801E+09        1835.00      35.69966    35.69966    25.08237
 .49801E+09        1845.00      35.64508    35.64508    25.07924
 .49801E+09        1855.00      35.69374    35.69374    25.07608
 .49801E+09        1865.00      35.71710    35.71710    25.07290
 .49801E+09        1875.00      35.71789    35.71789    25.06969
 .49801E+09        1885.00      35.71899    35.71899    25.06647
 .49801E+09        1895.00      35.73896    35.73896    25.06321
 .49801E+09        1905.00      35.70319    35.70319    25.05994
 .49801E+09        1915.00      35.73741    35.73741    25.05663
 .49801E+09        1925.00      35.73883    35.73883    25.05331
 .49801E+09        1935.00      35.67377    35.67377    25.04996
 .49801E+09        1945.00      35.75500    35.75500    25.04658
 .49801E+09        1955.00      35.75183    35.75183    25.04317
 .49801E+09        1967.00      35.78243    35.78243    25.03905
 .49801E+09        1976.00      35.77218    35.77218    25.03593
 .49801E+09        1984.00      35.75835    35.75835    25.03314
 .49801E+09        1995.00      35.74145    35.74145    25.02928
 .49801E+09        2005.00      35.71830    35.71830    25.02574
 .49801E+09        2015.00      35.70854    35.70854    25.02216
 .49801E+09        2025.00      35.68774    35.68774    25.01856
 .49801E+09        2035.00      35.72359    35.72359    25.01493
 .49801E+09        2045.00      35.75846    35.75846    25.01126
 .49801E+09        2055.00      35.73547    35.73547    25.00757
 .49801E+09        2065.00      35.71925    35.71925    25.00384
 .49801E+09        2074.00      35.76933    35.76933    25.00046
 .49801E+09        2078.00      35.78343    35.78343    24.99895
 .49801E+09        2085.00      35.77214    35.77214    24.99629
 .49801E+09        2095.00      35.75157    35.75157    24.99247
 .49801E+09        2105.00      35.71682    35.71682    24.98861
 .49801E+09        2115.00      35.72250    35.72250    24.98471
 .49801E+09        2125.00      35.73879    35.73879    24.98079
 .49801E+09        2135.00      35.64770    35.64770    24.97682
 .49801E+09        2145.00      35.71431    35.71431    24.97282
 .49801E+09        2155.00      35.71710    35.71710    24.96878
 .49801E+09        2165.00      35.68216    35.68216    24.96471
 .49801E+09        2175.00      35.67687    35.67687    24.96059
 .49801E+09        2185.00      35.69377    35.69377    24.95644
 .49801E+09        2195.00      35.72615    35.72615    24.95224
 .49801E+09        2205.00      35.70282    35.70282    24.94981
 .49801E+09        2215.00      35.65397    35.65397    24.94917
 .49801E+09        2225.00      35.64529    35.64529    24.94853
 .49801E+09        2235.00      35.71278    35.71278    24.94788
 .49801E+09        2245.00      35.66204    35.66204    24.94724
 .49801E+09        2255.00      35.63496    35.63496    24.94660
 .49801E+09        2265.00      35.63722    35.63722    24.94595
 .49801E+09        2275.00      35.66562    35.66562    24.94530
 .49801E+09        2285.00      35.69222    35.69222    24.94466
 .49801E+09        2295.00      35.65488    35.65488    24.94401
 .49801E+09        2305.00      35.66219    35.66219    24.94336
 .49801E+09        2315.00      35.63954    35.63954    24.94271
 .49801E+09        2325.00      35.48247    35.48247    24.94206
 .49801E+09        2335.00      35.57828    35.57828    24.94140
 .49801E+09        2345.00      35.51405    35.51405    24.94075
 .49801E+09        2355.00      35.63106    35.63106    24.94010
 .49801E+09        2365.00      35.52707    35.52707    24.93944
 .49801E+09        2375.00      35.58157    35.58157    24.93878
 .49801E+09        2385.00      35.47625    35.47625    24.93813
 .49801E+09        2395.00      35.54009    35.54009    24.93747
 .49801E+09        2405.00      35.51893    35.51893    24.93681
 .49801E+09        2415.00      35.53836    35.53836    24.93615
 .49801E+09        2425.00      35.61209    35.61209    24.93549
 .49801E+09        2435.00      35.59320    35.59320    24.93482
 .49801E+09        2445.00      35.62973    35.62973    24.93416
 .49801E+09        2455.00      35.61816    35.61816    24.93350
 .49801E+09        2465.00      35.61780    35.61780    24.93283
 .49801E+09        2475.00      35.58617    35.58617    24.93216
 .49801E+09        2485.00      35.59746    35.59746    24.93150
 .49801E+09        2495.00      35.57677    35.57677    24.93083
 .49801E+09        2505.00      35.65835    35.65835    24.93016
 .49801E+09        2513.00      35.56351    35.56351    24.92962
 .49801E+09        2518.00      35.55331    35.55331    24.92929
 .49801E+09        2525.00      35.51768    35.51768    24.92882
 .49801E+09        2535.00      35.52197    35.52197    24.92814
 .49801E+09        2545.00      35.52677    35.52677    24.92747
 .49801E+09        2555.00      35.59030    35.59030    24.92680
 .49801E+09        2565.00      35.57379    35.57379    24.92612
 .49801E+09        2575.00      35.61977    35.61977    24.92544
 .49801E+09        2585.00      35.61777    35.61777    24.92476
 .49801E+09        2595.00      35.59874    35.59874    24.92409
 .49801E+09        2605.00      35.57437    35.57437    24.92340
 .49801E+09        2615.00      35.55414    35.55414    24.92272
 .49801E+09        2625.00      35.62066    35.62066    24.92204
 .49801E+09        2635.00      35.63820    35.63820    24.92136
 .49801E+09        2645.00      35.71505    35.71505    24.92068
 .49801E+09        2655.00      35.72626    35.72626    24.91999
 .49801E+09        2665.00      35.65681    35.65681    24.91930
 .49801E+09        2675.00      35.68845    35.68845    24.91862
 .49801E+09        2685.00      35.68956    35.68956    24.91793
 .49801E+09        2695.00      35.65314    35.65314    24.91724
 .49801E+09        2705.00      35.67695    35.67695    24.91655
 .49801E+09        2715.00      35.63542    35.63542    24.91585
 .49801E+09        2725.00      35.63749    35.63749    24.91516
 .49801E+09        2735.00      35.67862    35.67862    24.91447
 .49801E+09        2745.00      35.55964    35.55964    24.91377
 .49801E+09        2755.00      35.58762    35.58762    24.91307
 .49801E+09        2765.00      35.61614    35.61614    24.91238
 .49801E+09        2775.00      35.65462    35.65462    24.91168
 .49801E+09        2785.00      35.59407    35.59407    24.91098
 .49801E+09        2795.00      35.32277    35.32277    24.91028
 .49801E+09        2805.00      35.40234    35.40234    24.90958
 .49801E+09        2815.00      35.65264    35.65264    24.90887
 .49801E+09        2825.00      35.69805    35.69805    24.90817
 .49801E+09        2835.00      35.68168    35.68168    24.90746
 .49801E+09        2845.00      35.65794    35.65794    24.90676
 .49801E+09        2855.00      35.62758    35.62758    24.90605
 .49801E+09        2865.00      35.68933    35.68933    24.90720
 .49801E+09        2875.00      35.68758    35.68758    24.90834
 .49801E+09        2885.00      35.69076    35.69076    24.90949
 .49801E+09        2895.00      35.68002    35.68002    24.91063
 .49801E+09        2910.00      35.74397    35.74397    24.91233
 .49801E+09        2930.00      35.71880    35.71880    24.91459
 .49801E+09        2950.00      35.71181    35.71181    24.91684
 .49801E+09        2970.00      35.72269    35.72269    24.91908
 .49801E+09        2990.00      35.72939    35.72939    24.92131
 .49801E+09        3010.00      35.73684    35.73684    24.92352
 .49801E+09        3030.00      35.73452    35.73452    24.92573
 .49801E+09        3050.00      35.73582    35.73582    24.92792
 .49801E+09        3070.00      35.74127    35.74127    24.93010
 .49801E+09        3090.00      35.74836    35.74836    24.93228
 .49801E+09        3110.00      35.74420    35.74420    24.93444
 .49801E+09        3130.00      35.73832    35.73832    24.93659
 .49801E+09        3150.00      35.74562    35.74562    24.93872
 .49801E+09        3170.00      35.74745    35.74745    24.94085
 .49801E+09        3190.00      35.71888    35.71888    24.94297
 .49801E+09        3210.00      35.73791    35.73791    24.94508
 .49801E+09        3230.00      35.71415    35.71415    24.94718
 .49801E+09        3250.00      35.74504    35.74504    24.94927
 .49801E+09        3270.00      35.76167    35.76167    24.95134
 .49801E+09        3290.00      35.76131    35.76131    24.95341
 .49801E+09        3310.00      35.76144    35.76144    24.95547
 .49801E+09        3330.00      35.75613    35.75613    24.95752
 .49801E+09        3350.00      35.74822    35.74822    24.96009
 .49801E+09        3370.00      35.72926    35.72926    24.96268
 .49801E+09        3390.00      35.73441    35.73441    24.96524
 .49801E+09        3410.00      35.74048    35.74048    24.96780
 .49801E+09        3430.00      35.74416    35.74416    24.93876
 .49801E+09        3450.00      35.74630    35.74630    24.94125
 .49801E+09        3470.00      35.74375    35.74375    24.94374
 .49801E+09        3490.00      35.75115    35.75115    24.94621
 .49801E+09        3510.00      35.76110    35.76110    24.94867
 .49801E+09        3530.00      35.74969    35.74969    24.95111
 .49801E+09        3550.00      35.76400    35.76400    24.95354
 .49801E+09        3570.00      35.72522    35.72522    24.95596
 .49801E+09        3590.00      35.72589    35.72589    24.95836
 .49801E+09        3610.00      35.74389    35.74389    24.96075
 .49801E+09        3630.00      35.74898    35.74898    24.96313
 .49801E+09        3640.00      35.74883    35.74883    24.96431
 .49801E+09        3650.00      35.77128    35.77128    24.30029
 .49801E+09        3670.00      35.75946    35.75946    24.29839
 .49801E+09        3690.00      35.72525    35.72525    24.29647
 .49801E+09        3710.00      35.77520    35.77520    24.29455
 .49801E+09        3730.00      35.75522    35.75522    24.29262
 .49801E+09        3750.00      35.84402    35.84402    24.29068
 .49801E+09        3770.00      35.87626    35.87626    24.28873
 .49801E+09        3790.00      35.95460    35.95460    24.28678
 .49801E+09        3810.00      36.01453    36.01453    24.28481
 .49801E+09        3830.00      35.89861    35.89861    24.28284
 .49801E+09        3850.00      36.04685    36.04685    24.28086
 .49801E+09        3870.00      36.10049    36.10049    24.27886
 .49801E+09        3890.00      35.88418    35.88418    24.27686
 .49801E+09        3910.00      36.11400    36.11400    24.27485
 .49801E+09        3930.00      36.01360    36.01360    24.27283
 .49801E+09        3950.00      36.09378    36.09378    24.27080
 .49801E+09        3970.00      35.82639    35.82639    24.26876
 .49801E+09        3990.00      36.11521    36.11521    24.26672
 .49801E+09        4010.00      36.17075    36.17075    24.26466
 .49801E+09        4030.00      36.17274    36.17274    24.26259
 .49801E+09        4050.00      36.16541    36.16541    24.26051
 .49801E+09        4070.00      36.14106    36.14106    24.25842
 .49801E+09        4090.00      36.05569    36.05569    24.25633
 .49801E+09        4110.00      35.95937    35.95937    24.25422
 .49801E+09        4130.00      36.12615    36.12615    24.25210
 .49801E+09        4150.00      36.14898    36.14898    24.24997
 .49801E+09        4170.00      36.14878    36.14878    24.24783
 .49801E+09        4190.00      36.14267    36.14267    24.24568
 .49801E+09        4210.00      36.14395    36.14395    24.24352
 .49801E+09        4230.00      36.13428    36.13428    24.24135
 .49801E+09        4250.00      36.13421    36.13421    24.23917
 .49801E+09        4270.00      36.11790    36.11790    24.23698
 .49801E+09        4290.00      36.11361    36.11361    24.23477
 .49801E+09        4310.00      36.07116    36.07116    24.23256
 .49801E+09        4330.00      35.99582    35.99582    24.23033
 .49801E+09        4350.00      35.93935    35.93935    24.22809
 .49801E+09        4370.00      36.09864    36.09864    24.22584
 .49801E+09        4390.00      36.10268    36.10268    24.22358
 .49801E+09        4410.00      36.10529    36.10529    24.22131
 .49801E+09        4430.00      36.10752    36.10752    24.21902
 .49801E+09        4450.00      36.11050    36.11050    24.21672
 .49801E+09        4470.00      36.11265    36.11265    24.21441
 .49801E+09        4490.00      36.10759    36.10759    24.21209
 .49801E+09        4510.00      36.12341    36.12341    24.20976
 .49801E+09        4530.00      36.10235    36.10235    24.20741
 .49801E+09        4550.00      36.09819    36.09819    24.20505
 .49801E+09        4570.00      36.11121    36.11121    24.20267
 .49801E+09        4590.00      36.09608    36.09608    24.20029
 .49801E+09        4610.00      36.10173    36.10173    24.19789
 .49801E+09        4630.00      36.08926    36.08926    24.19548
 .49801E+09        4650.00      36.09206    36.09206    24.19305
 .49801E+09        4670.00      36.09213    36.09213    24.19061
 .49801E+09        4690.00      36.07908    36.07908    24.18816
 .49801E+09        4710.00      36.06496    36.06496    24.18569
 .49801E+09        4730.00      36.07933    36.07933    24.18321
 .49801E+09        4750.00      36.08063    36.08063    24.18072
 .49801E+09        4770.00      36.07642    36.07642    24.17821
 .49801E+09        4790.00      36.07092    36.07092    24.17568
 .49801E+09        4810.00      36.06030    36.06030    24.17314
 .49801E+09        4830.00      36.04636    36.04636    24.17059
 .49801E+09        4850.00      35.95652    35.95652    24.16802
 .49801E+09        4870.00      35.87981    35.87981    24.16543
 .49801E+09        4890.00      36.01892    36.01892    24.16283
 .49801E+09        4910.00      36.03708    36.03708    24.16022
 .49801E+09        4930.00      36.03277    36.03277    24.15759
 .49801E+09        4950.00      36.04207    36.04207    24.15494
 .49801E+09        4970.00      36.04025    36.04025    24.15227
 .49801E+09        4990.00      36.02283    36.02283    24.14959
 .49801E+09        5010.00      36.00845    36.00845    24.14689
 .49801E+09        5030.00      36.01823    36.01823    24.14418
 .49801E+09        5050.00      36.01292    36.01292    24.14145
 .49801E+09        5070.00      36.02063    36.02063    24.13870
 .49801E+09        5090.00      36.00882    36.00882    24.13594
 .49801E+09        5110.00      36.00902    36.00902    24.13315
 .49801E+09        5130.00      35.99929    35.99929    24.13035
 .49801E+09        5150.00      35.98912    35.98912    24.12753
 .49801E+09        5170.00      35.97387    35.97387    24.12469
 .49801E+09        5190.00      35.97510    35.97510    24.12184
 .49801E+09        5210.00      35.98319    35.98319    24.11896
 .49801E+09        5230.00      35.98116    35.98116    24.11607
 .49801E+09        5250.00      35.98780    35.98780    24.11315
 .49801E+09        5270.00      35.95929    35.95929    24.11022
 .49801E+09        5290.00      35.98115    35.98115    24.10726
 .49801E+09        5310.00      35.98322    35.98322    24.10429
 .49801E+09        5330.00      35.96037    35.96037    24.10129
 .49801E+09        5350.00      35.97554    35.97554    24.09828
 .49801E+09        5370.00      35.97047    35.97047    24.09524
 .49801E+09        5390.00      35.96387    35.96387    24.09218
 .49801E+09        5410.00      35.95493    35.95493    24.08910
 .49801E+09        5430.00      35.95711    35.95711    24.08600
 .49801E+09        5450.00      35.96263    35.96263    24.08288
 .49801E+09        5470.00      35.95415    35.95415    24.07973
 .49801E+09        5490.00      35.95284    35.95284    24.07656
 .49801E+09        5510.00      35.94825    35.94825    24.07337
 .49801E+09        5530.00      35.94679    35.94679    24.07015
 .49801E+09        5550.00      35.94769    35.94769    24.06691
 .49801E+09        5570.00      35.93995    35.93995    24.06365
 .49801E+09        5590.00      35.93377    35.93377    24.06036
 .49801E+09        5610.00      35.93837    35.93837    24.05704
 .49801E+09        5630.00      35.93395    35.93395    24.05370
 .49801E+09        5650.00      35.93194    35.93194    24.05034
 .49801E+09        5670.00      35.92394    35.92394    24.04695
 .49801E+09        5690.00      35.92655    35.92655    24.04353
 .49801E+09        5710.00      35.91888    35.91888    24.04138
 .49801E+09        5730.00      35.93025    35.93025    24.04053
 .49801E+09        5750.00      35.91938    35.91938    24.03967
 .49801E+09        5770.00      35.91960    35.91960    24.03882
 .49801E+09        5790.00      35.91010    35.91010    24.03796
 .49801E+09        5810.00      35.91383    35.91383    24.03710
 .49801E+09        5830.00      35.91558    35.91558    24.03624
 .49801E+09        5850.00      35.90794    35.90794    24.03537
 .49801E+09        5870.00      35.90591    35.90591    24.03451
 .49801E+09        5890.00      35.88820    35.88820    24.03364
 .49801E+09        5910.00      35.89823    35.89823    24.03277
 .49801E+09        5930.00      35.89597    35.89597    24.03190
 .49801E+09        5950.00      35.89332    35.89332    24.03103
 .49801E+09        5970.00      35.89318    35.89318    24.03016
 .49801E+09        5990.00      35.88690    35.88690    24.02928
 .49801E+09        6010.00      35.88062    35.88062    24.02840
 .49801E+09        6030.00      35.88207    35.88207    24.02752
 .49801E+09        6050.00      35.88269    35.88269    24.02665
 .49801E+09        6070.00      35.87955    35.87955    24.02576
 .49801E+09        6090.00      35.86971    35.86971    24.02488
 .49801E+09        6110.00      35.86710    35.86710    24.02399
 .49801E+09        6130.00      35.85522    35.85522    24.02310
 .49801E+09        6150.00      35.85436    35.85436    24.02221
 .49801E+09        6170.00      35.84910    35.84910    24.02132
 .49801E+09        6190.00      35.85781    35.85781    24.02043
 .49801E+09        6210.00      35.85514    35.85514    24.01953
 .49801E+09        6230.00      35.84611    35.84611    24.01864
 .49801E+09        6250.00      35.83450    35.83450    24.01774
 .49801E+09        6270.00      35.84477    35.84477    24.01684
 .49801E+09        6290.00      35.84389    35.84389    24.01593
 .49801E+09        6310.00      35.83492    35.83492    24.01503
 .49801E+09        6330.00      35.83490    35.83490    24.01412
 .49801E+09        6350.00      35.83056    35.83056    24.01321
 .49801E+09        6370.00      35.82771    35.82771    24.01230
 .49801E+09        6390.00      35.82938    35.82938    24.01139
 .49801E+09        6410.00      35.82113    35.82113    24.01048
 .49801E+09        6430.00      35.82169    35.82169    24.00956
 .49801E+09        6450.00      35.81599    35.81599    24.00864
 .49801E+09        6470.00      35.81446    35.81446    24.00772
 .49801E+09        6490.00      35.80590    35.80590    24.00680
 .49801E+09        6510.00      35.80771    35.80771    24.00588
 .49801E+09        6530.00      35.79836    35.79836    24.00495
 .49801E+09        6550.00      35.75739    35.75739    24.00402
 .49801E+09        6570.00      35.69216    35.69216    24.00309
 .49801E+09        6590.00      35.77964    35.77964    24.00216
 .49801E+09        6610.00      35.79413    35.79413    24.00123
 .49801E+09        6630.00      35.79397    35.79397    24.00029
 .49801E+09        6650.00      35.79270    35.79270    23.99936
 .49801E+09        6670.00      35.78766    35.78766    23.99841
 .49801E+09        6690.00      35.79111    35.79111    23.99747
 .49801E+09        6710.00      35.78271    35.78271    23.99653
 .49801E+09        6730.00      35.78526    35.78526    23.99558
 .49801E+09        6750.00      35.77999    35.77999    23.99463
 .49801E+09        6770.00      35.77939    35.77939    23.99368
 .49801E+09        6790.00      35.77524    35.77524    23.99273
 .49801E+09        6810.00      35.77251    35.77251    23.99178
 .49801E+09        6830.00      35.77176    35.77176    23.99082
 .49801E+09        6850.00      35.76358    35.76358    23.98986
 .49801E+09        6870.00      35.76474    35.76474    23.98890
 .49801E+09        6890.00      35.76440    35.76440    23.98794
 .49801E+09        6910.00      35.75988    35.75988    23.98697
 .49801E+09        6930.00      35.75629    35.75629    23.98601
 .49801E+09        6950.00      35.75230    35.75230    23.98504
 .49801E+09        6970.00      35.75045    35.75045    23.98407
 .49801E+09        6990.00      35.74761    35.74761    23.98309
 .49801E+09        7010.00      35.73773    35.73773    23.98209
 .49801E+09        7030.00      35.74035    35.74035    23.98105
 .49801E+09        7050.00      35.74025    35.74025    23.98001
 .49801E+09        7070.00      35.73550    35.73550    23.97896
 .49801E+09        7090.00      35.73251    35.73251    23.97792
 .49801E+09        7110.00      35.72648    35.72648    23.97687
 .49801E+09        7130.00      35.72324    35.72324    23.97582
 .49801E+09        7150.00      35.72113    35.72113    23.97477
 .49801E+09        7170.00      35.71990    35.71990    23.97371
 .49801E+09        7190.00      35.71091    35.71091    23.97265
 .49801E+09        7210.00      35.71448    35.71448    23.97159
 .49801E+09        7230.00      35.71349    35.71349    23.97053
 .49801E+09        7250.00      35.71165    35.71165    23.96946
 .49801E+09        7270.00      35.70923    35.70923    23.96839
 .49801E+09        7290.00      35.69975    35.69975    23.96732
 .49801E+09        7310.00      35.70170    35.70170    23.96624
 .49801E+09        7330.00      35.69994    35.69994    23.96517
 .49801E+09        7350.00      35.69791    35.69791    23.96409
 .49801E+09        7370.00      35.69805    35.69805    23.96301
 .49801E+09        7390.00      35.68989    35.68989    23.96192
 .49801E+09        7410.00      35.68286    35.68286    23.96083
 .49801E+09        7430.00      35.68539    35.68539    23.95974
 .49801E+09        7450.00      35.68463    35.68463    23.95865
 .49801E+09        7470.00      35.68259    35.68259    23.95755
 .49801E+09        7490.00      35.67944    35.67944    23.95645
 .49801E+09        7510.00      35.67923    35.67923    23.95535
 .49801E+09        7530.00      35.67872    35.67872    23.95425
 .49801E+09        7550.00      35.67782    35.67782    23.95314
 .49801E+09        7570.00      35.67364    35.67364    23.95203
 .49801E+09        7590.00      35.67073    35.67073    23.95092
 .49801E+09        7610.00      35.66827    35.66827    23.94980
 .49801E+09        7630.00      35.66726    35.66726    23.94868
 .49801E+09        7650.00      35.66546    35.66546    23.94756
 .49801E+09        7670.00      35.65599    35.65599    23.94643
 .49801E+09        7690.00      35.66058    35.66058    23.94531
 .49801E+09        7710.00      35.65424    35.65424    23.94418
 .49801E+09        7730.00      35.65343    35.65343    23.94304
 .49801E+09        7750.00      35.64899    35.64899    23.94191
 .49801E+09        7770.00      35.64699    35.64699    23.94077
 .49801E+09        7790.00      35.64968    35.64968    23.93963
 .49801E+09        7810.00      35.64656    35.64656    23.93848
 .49801E+09        7830.00      35.64198    35.64198    23.93733
 .49801E+09        7850.00      35.63801    35.63801    23.93618
 .49801E+09        7870.00      35.63793    35.63793    23.93503
 .49801E+09        7890.00      35.63172    35.63172    23.93387
 .49801E+09        7910.00      35.62500    35.62500    23.93271
 .49801E+09        7930.00      35.62148    35.62148    23.93155
 .49801E+09        7950.00      35.61681    35.61681    23.93038
 .49801E+09        7970.00      35.62306    35.62306    23.92921
 .49801E+09        7990.00      35.61898    35.61898    23.92804
 .49801E+09        8010.00      35.61669    35.61669    23.92686
 .49801E+09        8030.00      35.61470    35.61470    23.92568
 .49801E+09        8050.00      35.61124    35.61124    23.92450
 .49801E+09        8070.00      35.60953    35.60953    23.92331
 .49801E+09        8090.00      35.60211    35.60211    23.92212
 .49801E+09        8110.00      35.60175    35.60175    23.92093
 .49801E+09        8130.00      35.60232    35.60232    23.91973
 .49801E+09        8150.00      35.59950    35.59950    23.91853
 .49801E+09        8170.00      35.59795    35.59795    23.91733
 .49801E+09        8190.00      35.58821    35.58821    23.91613
 .49801E+09        8210.00      35.58735    35.58735    23.58340
 .49801E+09        8230.00      35.58661    35.58661    23.58275
 .49801E+09        8250.00      35.58734    35.58734    23.58210
 .49801E+09        8270.00      35.59008    35.59008    23.58145
 .49801E+09        8290.00      35.58640    35.58640    23.58079
 .49801E+09        8310.00      35.57732    35.57732    23.58014
 .49801E+09        8330.00      35.57362    35.57362    23.57948
 .49801E+09        8350.00      35.57247    35.57247    23.57882
 .49801E+09        8370.00      35.57183    35.57183    23.57817
 .49801E+09        8390.00      35.56146    35.56146    23.57751
 .49801E+09        8410.00      35.56495    35.56495    23.57685
 .49801E+09        8430.00      35.55672    35.55672    23.57619
 .49801E+09        8450.00      35.55704    35.55704    23.57553
 .49801E+09        8470.00      35.54994    35.54994    23.57486
 .49801E+09        8490.00      35.55894    35.55894    23.57420
 .49801E+09        8510.00      35.53234    35.53234    23.57353
 .49801E+09        8530.00      35.55978    35.55978    23.57287
 .49801E+09        8550.00      35.51516    35.51516    23.57220
 .49801E+09        8570.00      35.56416    35.56416    23.57153
 .49801E+09        8590.00      35.53912    35.53912    23.57086
 .49801E+09        8610.00      35.53376    35.53376    23.57019
 .49801E+09        8630.00      35.56279    35.56279    23.56952
 .49801E+09        8650.00      35.55128    35.55128    23.56885
 .49801E+09        8670.00      35.49254    35.49254    23.56818
 .49801E+09        8690.00      35.54407    35.54407    23.56750
 .49801E+09        8710.00      35.55812    35.55812    23.56683
 .49801E+09        8730.00      35.54736    35.54736    23.56615
 .49801E+09        8750.00      35.49840    35.49840    23.56547
 .49801E+09        8770.00      35.53736    35.53736    23.56479
 .49801E+09        8790.00      35.55271    35.55271    23.56411
 .49801E+09        8810.00      35.54836    35.54836    23.56343
 .49801E+09        8830.00      35.54423    35.54423    23.56275
 .49801E+09        8850.00      35.52214    35.52214    23.56207
 .49801E+09        8870.00      35.48505    35.48505    23.56138
 .49801E+09        8890.00      35.53495    35.53495    23.56070
 .49801E+09        8910.00      35.54631    35.54631    23.56001
 .49801E+09        8930.00      35.54172    35.54172    23.55933
 .49801E+09        8950.00      35.54191    35.54191    23.55864
 .49801E+09        8970.00      35.53768    35.53768    23.55795
 .49801E+09        8990.00      35.52613    35.52613    23.55726
 .49801E+09        9010.00      35.47138    35.47138    23.55657
 .49801E+09        9030.00      35.49692    35.49692    23.55587
 .49801E+09        9050.00      35.52873    35.52873    23.55518
 .49801E+09        9070.00      35.52633    35.52633    23.55449
 .49801E+09        9090.00      35.51775    35.51775    23.55379
 .49801E+09        9110.00      35.52380    35.52380    23.55309
 .49801E+09        9130.00      35.52848    35.52848    23.55239
 .49801E+09        9150.00      35.52531    35.52531    23.55169
 .49801E+09        9170.00      35.52133    35.52133    23.55099
 .49801E+09        9190.00      35.51705    35.51705    23.55029
 .49801E+09        9210.00      35.49344    35.49344    23.54959
 .49801E+09        9230.00      35.44729    35.44729    23.54889
 .49801E+09        9250.00      35.48379    35.48379    23.54818
 .49801E+09        9270.00      35.49957    35.49957    23.54747
 .49801E+09        9290.00      35.50799    35.50799    23.54677
 .49801E+09        9310.00      35.51051    35.51051    23.54606
 .49801E+09        9330.00      35.50760    35.50760    23.54535
 .49801E+09        9350.00      35.50626    35.50626    23.54464
 .49801E+09        9370.00      35.50175    35.50175    23.54393
 .49801E+09        9390.00      35.50077    35.50077    23.54321
 .49801E+09        9410.00      35.48695    35.48695    23.54250
 .49801E+09        9430.00      35.49665    35.49665    23.54178
 .49801E+09        9450.00      35.48999    35.48999    23.54107
 .49801E+09        9470.00      35.49264    35.49264    23.54035
 .49801E+09        9490.00      35.48972    35.48972    23.53963
 .49801E+09        9510.00      35.48045    35.48045    23.53891
 .49801E+09        9530.00      35.46114    35.46114    23.53819
 .49801E+09        9550.00      35.41566    35.41566    23.53746
 .49801E+09        9570.00      35.45776    35.45776    23.53674
 .49801E+09        9590.00      35.47506    35.47506    23.53602
 .49801E+09        9610.00      35.47297    35.47297    23.53529
 .49801E+09        9630.00      35.46989    35.46989    23.53456
 .49801E+09        9650.00      35.46904    35.46904    23.53383
 .49801E+09        9670.00      35.46604    35.46604    23.53310
 .49801E+09        9690.00      35.46912    35.46912    23.53237
 .49801E+09        9710.00      35.46724    35.46724    23.53164
 .49801E+09        9730.00      35.46477    35.46477    23.53091
 .49801E+09        9750.00      35.46098    35.46098    23.53017
 .49801E+09        9770.00      35.46022    35.46022    23.52944
 .49801E+09        9790.00      35.45593    35.45593    23.52870
 .49801E+09        9810.00      35.45868    35.45868    23.52796
 .49801E+09        9830.00      35.45541    35.45541    23.52722
 .49801E+09        9850.00      35.45381    35.45381    23.52648
 .49801E+09        9870.00      35.45002    35.45002    23.52574
 .49801E+09        9890.00      35.44738    35.44738    23.52499
 .49801E+09        9910.00      35.44585    35.44585    23.52425
 .49801E+09        9930.00      35.44532    35.44532    23.52350
 .49801E+09        9950.00      35.44350    35.44350    23.52275
 .49801E+09        9970.00      35.44153    35.44153    23.52201
 .49801E+09        9990.00      35.43707    35.43707    23.52126
 .49801E+09       10025.00      35.41537    35.41537    23.51994
 .49801E+09       10075.00      35.40177    35.40177    23.51805
 .49801E+09       10125.00      35.42221    35.42221    23.51616
 .49801E+09       10175.00      35.41816    35.41816    23.51425
 .49801E+09       10225.00      35.41576    35.41576    23.51234
 .49801E+09       10275.00      35.41284    35.41284    23.51042
 .49801E+09       10325.00      35.40440    35.40440    23.50849
 .49801E+09       10375.00      35.39937    35.39937    23.50656
 .49801E+09       10425.00      35.39674    35.39674    23.50461
 .49801E+09       10475.00      35.38873    35.38873    23.50266
 .49801E+09       10525.00      35.38614    35.38614    23.50069
 .49801E+09       10575.00      35.38068    35.38068    23.49872
 .49801E+09       10625.00      35.37566    35.37566    23.49674
 .49801E+09       10675.00      35.36455    35.36455    23.49475
 .49801E+09       10725.00      35.36355    35.36355    23.49275
 .49801E+09       10775.00      35.35775    35.35775    23.49074
 .49801E+09       10825.00      35.35028    35.35028    23.48872
 .49801E+09       10875.00      35.34381    35.34381    23.48669
 .49801E+09       10925.00      35.31376    35.31376    23.48466
 .49801E+09       10975.00      35.32472    35.32472    23.48261
 .49801E+09       11025.00      35.33589    35.33589    23.48055
 .49801E+09       11075.00      35.33378    35.33378    23.47849
 .49801E+09       11125.00      35.32854    35.32854    23.47641
 .49801E+09       11175.00      35.32295    35.32295    23.47433
 .49801E+09       11225.00      35.32027    35.32027    23.47223
 .49801E+09       11275.00      35.30950    35.30950    23.47012
 .49801E+09       11325.00      35.30614    35.30614    23.46801
 .49801E+09       11375.00      35.30322    35.30322    23.46588
 .49801E+09       11425.00      35.29628    35.29628    23.46374
 .49801E+09       11475.00      35.29803    35.29803    23.46160
 .49801E+09       11525.00      35.29356    35.29356    23.45944
 .49801E+09       11575.00      35.28669    35.28669    23.45727
 .49801E+09       11625.00      35.27860    35.27860    23.45509
 .49801E+09       11675.00      35.27451    35.27451    23.45290
 .49801E+09       11725.00      35.27630    35.27630    23.45069
 .49801E+09       11775.00      35.26526    35.26526    23.44848
 .49801E+09       11825.00      35.26209    35.26209    23.44625
 .49801E+09       11875.00      35.25494    35.25494    23.44402
 .49801E+09       11925.00      35.25902    35.25902    23.44177
 .49801E+09       11975.00      35.24516    35.24516    23.43951
 .49801E+09       12025.00      35.24744    35.24744    23.43724
 .49801E+09       12075.00      35.24082    35.24082    23.43496
 .49801E+09       12125.00      35.23852    35.23852    23.43266
 .49801E+09       12175.00      35.23739    35.23739    23.43035
 .49801E+09       12225.00      35.23222    35.23222    23.42803
 .49801E+09       12275.00      35.22692    35.22692    23.42570
 .49801E+09       12325.00      35.22278    35.22278    23.42336
 .49801E+09       12375.00      35.21922    35.21922    23.42100
 .49801E+09       12425.00      35.21443    35.21443    23.41863
 .49801E+09       12475.00      35.21118    35.21118    23.41624
 .49801E+09       12525.00      35.20533    35.20533    23.41385
 .49801E+09       12575.00      35.20078    35.20078    23.41144
 .49801E+09       12625.00      35.19709    35.19709    23.40901
 .49801E+09       12675.00      35.19158    35.19158    23.40657
 .49801E+09       12725.00      35.18856    35.18856    23.40412
 .49801E+09       12775.00      35.18009    35.18009    23.40166
 .49801E+09       12825.00      35.14374    35.14374    23.39918
 .49801E+09       12875.00      35.17057    35.17057    23.39669
 .49801E+09       12925.00      35.16954    35.16954    23.39418
 .49801E+09       12975.00      35.16969    35.16969    23.39166
 .49801E+09       13025.00      35.16319    35.16319    23.38912
 .49801E+09       13075.00      35.16196    35.16196    23.38657
 .49801E+09       13125.00      35.15470    35.15470    23.38400
 .49801E+09       13175.00      35.15034    35.15034    23.38142
 .49801E+09       13225.00      35.14917    35.14917    23.37882
 .49801E+09       13275.00      35.14152    35.14152    23.37621
 .49801E+09       13325.00      35.14061    35.14061    23.37358
 .49801E+09       13375.00      35.13556    35.13556    23.37093
 .49801E+09       13425.00      35.13448    35.13448    23.36827
 .49801E+09       13475.00      35.12955    35.12955    23.36559
 .49801E+09       13525.00      35.12571    35.12571    23.36290
 .49801E+09       13575.00      35.11795    35.11795    23.36019
 .49801E+09       13625.00      35.11524    35.11524    23.35746
 .49801E+09       13675.00      35.11205    35.11205    23.35472
 .49801E+09       13725.00      35.10831    35.10831    23.35195
 .49801E+09       13775.00      35.10519    35.10519    23.34917
 .49801E+09       13825.00      35.10225    35.10225    23.34637
 .49801E+09       13875.00      35.09814    35.09814    23.34356
 .49801E+09       13925.00      35.09533    35.09533    23.34072
 .49801E+09       13975.00      35.09240    35.09240    23.33787
 .49801E+09       14025.00      35.08504    35.08504    23.33500
 .49801E+09       14075.00      35.08465    35.08465    23.33211
 .49801E+09       14125.00      35.07784    35.07784    23.32920
 .49801E+09       14175.00      35.07808    35.07808    23.32626
 .49801E+09       14225.00      35.06961    35.06961    23.32331
 .49801E+09       14275.00      35.06300    35.06300    23.32034
 .49801E+09       14325.00      35.06531    35.06531    23.31735
 .49801E+09       14375.00      35.06386    35.06386    23.31434
 .49801E+09       14425.00      35.04862    35.04862    23.31131
 .49801E+09       14475.00      35.05513    35.05513    23.30825
 .49801E+09       14525.00      35.04579    35.04579    23.30518
 .49801E+09       14570.00      35.04688    35.04688    23.30239
 .49801E+09       14620.00      35.04338    35.04338    23.12827
 .49801E+09       14675.00      35.04064    35.04064    23.12695
 .49801E+09       14725.00      35.03259    35.03259    23.12574
 .49801E+09       14775.00      35.02988    35.02988    23.12453
 .49801E+09       14825.00      35.02761    35.02761    23.12331
 .49801E+09       14875.00      35.02009    35.02009    23.12209
 .49801E+09       14925.00      35.02478    35.02478    23.12087
 .49801E+09       14975.00      35.01692    35.01692    23.11964
 .49801E+09       15025.00      35.00916    35.00916    23.11841
 .49801E+09       15075.00      35.00415    35.00415    23.11718
 .49801E+09       15125.00      35.00662    35.00662    23.11594
 .49801E+09       15175.00      35.00401    35.00401    23.11470
 .49801E+09       15225.00      34.99841    34.99841    23.11345
 .49801E+09       15275.00      34.99710    34.99710    23.11221
 .49801E+09       15325.00      34.99154    34.99154    23.11096
 .49801E+09       15375.00      34.99101    34.99101    23.10970
 .49801E+09       15425.00      34.98506    34.98506    23.10844
 .49801E+09       15475.00      34.98405    34.98405    23.10718
 .49801E+09       15525.00      34.97715    34.97715    23.10592
 .49801E+09       15575.00      34.96649    34.96649    23.10464
 .49801E+09       15625.00      34.97803    34.97803    23.10337
 .49801E+09       15675.00      34.96176    34.96176    23.10209
 .49801E+09       15725.00      34.96032    34.96032    23.10081
 .49801E+09       15775.00      34.95448    34.95448    23.09953
 .49801E+09       15825.00      34.95720    34.95720    23.09824
 .49801E+09       15875.00      34.93058    34.93058    23.09695
 .49801E+09       15925.00      34.94576    34.94576    23.09565
 .49801E+09       15975.00      34.95170    34.95170    23.09435
 .49801E+09       16050.00      34.94429    34.94429    23.09240
 .49801E+09       16150.00      34.92899    34.92899    23.08977
 .49801E+09       16250.00      34.93574    34.93574    23.08713
 .49801E+09       16350.00      34.92233    34.92233    23.08448
 .49801E+09       16450.00      34.90508    34.90508    23.08180
 .49801E+09       16550.00      34.91216    34.91216    23.07911
 .49801E+09       16650.00      34.90445    34.90445    23.07641
 .49801E+09       16750.00      34.88760    34.88760    23.07369
 .49801E+09       16850.00      34.86895    34.86895    23.07095
 .49801E+09       16950.00      34.88018    34.88018    23.06819
 .49801E+09       17050.00      34.86655    34.86655    23.06542
 .49801E+09       17150.00      34.86111    34.86111    23.06262
 .49801E+09       17250.00      34.84661    34.84661    23.05981
 .49801E+09       17350.00      34.82008    34.82008    23.05699
 .49801E+09       17450.00      34.82833    34.82833    23.05414
 .49801E+09       17550.00      34.82379    34.82379    23.05127
 .49801E+09       17650.00      34.81607    34.81607    23.04839
 .49801E+09       17750.00      34.80685    34.80685    23.04548
 .49801E+09       17850.00      34.80049    34.80049    23.04256
 .49801E+09       17950.00      34.79171    34.79171    23.03962
 .49801E+09       18050.00      34.78058    34.78058    23.03665
 .49801E+09       18150.00      34.75702    34.75702    23.03367
 .49801E+09       18250.00      34.75948    34.75948    23.03066
 .49801E+09       18350.00      34.75643    34.75643    23.02764
 .49801E+09       18450.00      34.74577    34.74577    23.02459
 .49801E+09       18550.00      34.74018    34.74018    23.02152
 .49801E+09       18650.00      34.72686    34.72686    23.01843
 .49801E+09       18750.00      34.70064    34.70064    23.01532
 .49801E+09       18850.00      34.71283    34.71283    23.01218
 .49801E+09       18950.00      34.69841    34.69841    23.00903
 .49801E+09       19050.00      34.70098    34.70098    23.00584
 .49801E+09       19150.00      34.69187    34.69187    23.00264
 .49801E+09       19250.00      34.68433    34.68433    22.99941
 .49801E+09       19350.00      34.67115    34.67115    22.99616
 .49801E+09       19450.00      34.64640    34.64640    22.99288
 .49801E+09       19550.00      34.65853    34.65853    22.98958
 .49801E+09       19650.00      34.65169    34.65169    22.98625
 .49801E+09       19750.00      34.64333    34.64333    22.98290
 .49801E+09       19850.00      34.63700    34.63700    22.97952
 .49801E+09       19950.00      34.62983    34.62983    22.97612
 .49801E+09       20050.00      34.62497    34.62497    22.97268
 .49801E+09       20150.00      34.61885    34.61885    22.96922
 .49801E+09       20250.00      34.60707    34.60707    22.96574
 .49801E+09       20350.00      34.59827    34.59827    22.96222
 .49801E+09       20450.00      34.59626    34.59626    22.95868
 .49801E+09       20550.00      34.58765    34.58765    22.95510
 .49801E+09       20650.00      34.57848    34.57848    22.95150
 .49801E+09       20750.00      34.57222    34.57222    22.94787
 .49801E+09       20850.00      34.56472    34.56472    22.94420
 .49801E+09       20950.00      34.55525    34.55525    22.94051
 .49801E+09       21050.00      34.55154    34.55154    22.93678
 .49801E+09       21150.00      34.54308    34.54308    22.93302
 .49801E+09       21250.00      34.53550    34.53550    22.92923
 .49801E+09       21350.00      34.53035    34.53035    22.92541
 .49801E+09       21450.00      34.52301    34.52301    22.92155
 .49801E+09       21550.00      34.51445    34.51445    22.91765
 .49801E+09       21650.00      34.48981    34.48981    22.91372
 .49801E+09       21750.00      34.49677    34.49677    22.90976
 .49801E+09       21850.00      34.49292    34.49292    22.90576
 .49801E+09       21950.00      34.48790    34.48790    22.90172
 .49801E+09       22050.00      34.47783    34.47783    22.89764
 .49801E+09       22150.00      34.47406    34.47406    22.89353
 .49801E+09       22250.00      34.46539    34.46539    22.88937
 .49801E+09       22350.00      34.45882    34.45882    22.88518
 .49801E+09       22450.00      34.45249    34.45249    22.88094
 .49801E+09       22550.00      34.44547    34.44547    22.87667
 .49801E+09       22650.00      34.43761    34.43761    22.87234
 .49801E+09       22750.00      34.43322    34.43322    22.86798
 .49801E+09       22850.00      34.42444    34.42444    22.77413
 .49801E+09       22950.00      34.39485    34.39485    22.77236
 .49801E+09       23050.00      34.40314    34.40314    22.77059
 .49801E+09       23150.00      34.39722    34.39722    22.76880
 .49801E+09       23250.00      34.36531    34.36531    22.76702
 .49801E+09       23350.00      34.37441    34.37441    22.76522
 .49801E+09       23450.00      34.37321    34.37321    22.76342
 .49801E+09       23550.00      34.33868    34.33868    22.76161
 .49801E+09       23650.00      34.35163    34.35163    22.75979
 .49801E+09       23750.00      34.34777    34.34777    22.75797
 .49801E+09       23850.00      34.31617    34.31617    22.75613
 .49801E+09       23950.00      34.32655    34.32655    22.75429
 .49801E+09       24050.00      34.32600    34.32600    22.75244
 .49801E+09       24150.00      34.29918    34.29918    22.75059
 .49801E+09       24250.00      34.30506    34.30506    22.74872
 .49801E+09       24350.00      34.30397    34.30397    22.74685
 .49801E+09       24450.00      34.28549    34.28549    22.74497
 .49801E+09       24550.00      34.28075    34.28075    22.74308
 .49801E+09       24650.00      34.28618    34.28618    22.74118
 .49801E+09       24750.00      34.27346    34.27346    22.73927
 .49801E+09       24850.00      34.26004    34.26004    22.73736
 .49801E+09       24950.00      34.26171    34.26171    22.73544
 .49801E+09       25050.00      34.26801    34.26801    22.73351
 .49801E+09       25150.00      34.24435    34.24435    22.73157
 .49801E+09       25250.00      34.24546    34.24546    22.72962
 .49801E+09       25350.00      34.24546    34.24546    22.72766
 .49801E+09       25450.00      34.23608    34.23608    22.72570
 .49801E+09       25550.00      34.22894    34.22894    22.72372
 .49801E+09       25650.00      34.22141    34.22141    22.72174
 .49801E+09       25750.00      34.22456    34.22456    22.71975
 .49801E+09       25850.00      34.20850    34.20850    22.71774
 .49801E+09       25950.00      34.20995    34.20995    22.71573
 .49801E+09       26050.00      34.20470    34.20470    22.71371
 .49801E+09       26150.00      34.19138    34.19138    22.71168
 .49801E+09       26250.00      34.17731    34.17731    22.70964
 .49801E+09       26350.00      34.18687    34.18687    22.70759
 .49801E+09       26450.00      34.18405    34.18405    22.70553
 .49801E+09       26550.00      34.17712    34.17712    22.70346
 .49801E+09       26650.00      34.16701    34.16701    22.70138
 .49801E+09       26750.00      34.16161    34.16161    22.69930
 .49801E+09       26850.00      34.16336    34.16336    22.69720
 .49801E+09       26950.00      34.15664    34.15664    22.69509
 .49801E+09       27050.00      34.15387    34.15387    22.69297
 .49801E+09       27150.00      34.14874    34.14874    22.69084
 .49801E+09       27250.00      34.14394    34.14394    22.68870
 .49801E+09       27350.00      34.13622    34.13622    22.68655
 .49801E+09       27450.00      34.13210    34.13210    22.68438
 .49801E+09       27550.00      34.11868    34.11868    22.68221
 .49801E+09       27650.00      34.11685    34.11685    22.68003
 .49801E+09       27750.00      34.11430    34.11430    22.67783
 .49801E+09       27850.00      34.11081    34.11081    22.67563
 .49801E+09       27950.00      34.10759    34.10759    22.67341
 .49801E+09       28050.00      34.10159    34.10159    22.67118
 .49801E+09       28150.00      34.09537    34.09537    22.66894
 .49801E+09       28250.00      34.09019    34.09019    22.66669
 .49801E+09       28350.00      34.08618    34.08618    22.66443
 .49801E+09       28450.00      34.07902    34.07902    22.66215
 .49801E+09       28550.00      34.07363    34.07363    22.65987
 .49801E+09       28650.00      34.06518    34.06518    22.65757
 .49801E+09       28750.00      34.05166    34.05166    22.65526
 .49801E+09       28850.00      34.05637    34.05637    22.65293
 .49801E+09       28950.00      34.05248    34.05248    22.65060
 .49801E+09       29050.00      34.04749    34.04749    22.64825
 .49801E+09       29150.00      34.04238    34.04238    22.64589
 .49801E+09       29250.00      34.03536    34.03536    22.64351
 .49801E+09       29350.00      34.03191    34.03191    22.64112
 .49801E+09       29450.00      34.02516    34.02516    22.63873
 .49801E+09       29550.00      34.02057    34.02057    22.63631
 .49801E+09       29650.00      34.01596    34.01596    22.63388
 .49801E+09       29750.00      34.01051    34.01051    22.63144
 .49801E+09       29850.00      34.00475    34.00475    22.62899
 .49801E+09       29950.00      33.99889    33.99889    22.62652
 .49801E+09       30050.00      33.99351    33.99351    22.62403
 .49801E+09       30150.00      33.98885    33.98885    22.62154
 .49801E+09       30250.00      33.98193    33.98193    22.61903
 .49801E+09       30350.00      33.96660    33.96660    22.61650
 .49801E+09       30450.00      33.96693    33.96693    22.61396
 .49801E+09       30550.00      33.96631    33.96631    22.61140
 .49801E+09       30650.00      33.96131    33.96131    22.60883
 .49801E+09       30750.00      33.95728    33.95728    22.60624
 .49801E+09       30850.00      33.95052    33.95052    22.60364
 .49801E+09       30950.00      33.94574    33.94574    22.60102
 .49801E+09       31050.00      33.94162    33.94162    22.59839
 .49801E+09       31150.00      33.93365    33.93365    22.59574
 .49801E+09       31250.00      33.93050    33.93050    22.59307
 .49801E+09       31350.00      33.92583    33.92583    22.59039
 .49801E+09       31450.00      33.92045    33.92045    22.58769
 .49801E+09       31550.00      33.91442    33.91442    22.58498
 .49801E+09       31650.00      33.90937    33.90937    22.58224
 .49801E+09       31750.00      33.90488    33.90488    22.57949
 .49801E+09       31850.00      33.89973    33.89973    22.57673
 .49801E+09       31950.00      33.89517    33.89517    22.57394
 .49801E+09       32100.00      33.88684    33.88684    22.56973
 .49801E+09       32300.00      33.87672    33.87672    22.56405
 .49801E+09       32500.00      33.86635    33.86635    22.55829
 .49801E+09       32700.00      33.85562    33.85562    22.55246
 .49801E+09       32900.00      33.83754    33.83754    22.49720
 .49801E+09       33100.00      33.83401    33.83401    22.49438
 .49801E+09       33300.00      33.82584    33.82584    22.49155
 .49801E+09       33500.00      33.81693    33.81693    22.48870
 .49801E+09       33700.00      33.80624    33.80624    22.48583
 .49801E+09       33900.00      33.79581    33.79581    22.48294
 .49801E+09       34100.00      33.78553    33.78553    22.48003
 .49801E+09       34300.00      33.77721    33.77721    22.47710
 .49801E+09       34500.00      33.76803    33.76803    22.47415
 .49801E+09       34700.00      33.75792    33.75792    22.47119
 .49801E+09       34900.00      33.74835    33.74835    22.46820
 .49801E+09       35100.00      33.73923    33.73923    22.46519
 .49801E+09       35300.00      33.72871    33.72871    22.46216
 .49801E+09       35500.00      33.72011    33.72011    22.45911
 .49801E+09       35700.00      33.71012    33.71012    22.45603
 .49801E+09       35900.00      33.70060    33.70060    22.45294
 .49801E+09       36100.00      33.69210    33.69210    22.44982
 .49801E+09       36300.00      33.68314    33.68314    22.44668
 .49801E+09       36500.00      33.67226    33.67226    22.44352
 .49801E+09       36700.00      33.66366    33.66366    22.44033
 .49801E+09       36900.00      33.65137    33.65137    22.43712
 .49801E+09       37100.00      33.64271    33.64271    22.43389
 .49801E+09       37300.00      33.63227    33.63227    22.43063
 .49801E+09       37500.00      33.61799    33.61799    22.42735
 .49801E+09       37700.00      33.61802    33.61802    22.42404
 .49801E+09       37900.00      33.60933    33.60933    22.42071
 .49801E+09       38100.00      33.59992    33.59992    22.41735
 .49801E+09       38300.00      33.59222    33.59222    22.41397
 .49801E+09       38500.00      33.58547    33.58547    22.41055
 .49801E+09       38700.00      33.57553    33.57553    22.40712
 .49801E+09       38900.00      33.56644    33.56644    22.40365
 .49801E+09       39100.00      33.55632    33.55632    22.40016
 .49801E+09       39300.00      33.55075    33.55075    22.39664
 .49801E+09       39500.00      33.54103    33.54103    22.39309
 .49801E+09       39700.00      33.53342    33.53342    22.38951
 .49801E+09       39900.00      33.52268    33.52268    22.38590
 .49801E+09       40100.00      33.51332    33.51332    22.38226
 .49801E+09       40300.00      33.50555    33.50555    22.37859
 .49801E+09       40500.00      33.49270    33.49270    22.37488
 .49801E+09       40700.00      33.49095    33.49095    22.37115
 .49801E+09       40900.00      33.48371    33.48371    22.36738
 .49801E+09       41100.00      33.47598    33.47598    22.36359
 .49801E+09       41300.00      33.46828    33.46828    22.35975
 .49801E+09       41500.00      33.45858    33.45858    22.35589
 .49801E+09       41700.00      33.44655    33.44655    22.35198
 .49801E+09       41900.00      33.44217    33.44217    22.34805
 .49801E+09       42100.00      33.43376    33.43376    22.34407
 .49801E+09       42300.00      33.42853    33.42853    22.34007
 .49801E+09       42500.00      33.41914    33.41914    22.33602
 .49801E+09       42700.00      33.41224    33.41224    22.33193
 .49801E+09       42900.00      33.39080    33.39080    22.32781
 .49801E+09       43100.00      33.37132    33.37132    22.32365
 .49801E+09       43300.00      33.37153    33.37153    22.31944
 .49801E+09       43500.00      33.34958    33.34958    22.31520
 .49801E+09       43700.00      33.33465    33.33465    22.31091
 .49801E+09       43900.00      33.33070    33.33070    22.30658
 .49801E+09       44100.00      33.31053    33.31053    22.30221
 .49801E+09       44300.00      33.30738    33.30738    22.29779
 .49801E+09       44500.00      33.29918    33.29918    22.29333
 .49801E+09       44700.00      33.28038    33.28038    22.25806
 .49801E+09       44900.00      33.28219    33.28219    22.25802
 .49801E+09       45100.00      33.27150    33.27150    22.25797
 .49801E+09       45300.00      33.25541    33.25541    22.25793
 .49801E+09       45500.00      33.25515    33.25515    22.25788
 .49801E+09       45700.00      33.24994    33.24994    22.25784
 .49801E+09       45900.00      33.23216    33.23216    22.25780
 .49801E+09       46100.00      33.23423    33.23423    22.25775
 .49801E+09       46300.00      33.22447    33.22447    22.25771
 .49801E+09       46500.00      33.21137    33.21137    22.25766
 .49801E+09       46700.00      33.20766    33.20766    22.25762
 .49801E+09       46900.00      33.20672    33.20672    22.25757
 .49801E+09       47100.00      33.19825    33.19825    22.25753
 .49801E+09       47300.00      33.19867    33.19867    22.25748
 .49801E+09       47500.00      33.18966    33.18966    22.25744
 .49801E+09       47700.00      33.18275    33.18275    22.25739
 .49801E+09       47900.00      33.17653    33.17653    22.25735
 .49801E+09       48100.00      33.16710    33.16710    22.25731
 .49801E+09       48300.00      33.16807    33.16807    22.25726
 .49801E+09       48500.00      33.15863    33.15863    22.25722
 .49801E+09       48700.00      33.15020    33.15020    22.25717
 .49801E+09       48900.00      33.14534    33.14534    22.25713
 .49801E+09       49100.00      33.13770    33.13770    22.25708
 .49801E+09       49300.00      33.13132    33.13132    22.25704
 .49801E+09       49500.00      33.12427    33.12427    22.25699
 .49801E+09       49700.00      33.12010    33.12010    22.25695
 .49801E+09       49900.00      33.11203    33.11203    22.25691
 .49801E+09       50100.00      33.10827    33.10827    22.25686
 .49801E+09       50300.00      33.10196    33.10196    22.25682
 .49801E+09       50500.00      33.09232    33.09232    22.25677
 .49801E+09       50700.00      33.08741    33.08741    22.25673
 .49801E+09       50900.00      33.08175    33.08175    22.25668
 .49801E+09       51100.00      33.07202    33.07202    22.25664
 .49801E+09       51300.00      33.06217    33.06217    22.25659
 .49801E+09       51500.00      33.06114    33.06114    22.25655
 .49801E+09       51700.00      33.05978    33.05978    22.25650
 .49801E+09       51900.00      33.05122    33.05122    22.25646
 .49801E+09       52100.00      33.04509    33.04509    22.25642
 .49801E+09       52300.00      33.03792    33.03792    22.25637
 .49801E+09       52500.00      33.03446    33.03446    22.25633
 .49801E+09       52700.00      33.03191    33.03191    22.25628
 .49801E+09       52900.00      33.02055    33.02055    22.25624
 .49801E+09       53100.00      33.01490    33.01490    22.25619
 .49801E+09       53300.00      33.01084    33.01084    22.25615
 .49801E+09       53500.00      33.00481    33.00481    22.25610
 .49801E+09       53700.00      32.99947    32.99947    22.25606
 .49801E+09       53900.00      32.99415    32.99415    22.25601
 .49801E+09       54100.00      32.98834    32.98834    22.25597
 .49801E+09       54300.00      32.98006    32.98006    22.25592
 .49801E+09       54500.00      32.97742    32.97742    22.25588
 .49801E+09       54700.00      32.97034    32.97034    22.25584
 .49801E+09       54900.00      32.96497    32.96497    22.25579
 .49801E+09       55100.00      32.95905    32.95905    22.25575
 .49801E+09       55300.00      32.95863    32.95863    22.25570
 .49801E+09       55500.00      32.94706    32.94706    22.25566
 .49801E+09       55700.00      32.94616    32.94616    22.25561
 .49801E+09       55900.00      32.93785    32.93785    22.25557
 .49801E+09       56100.00      32.93398    32.93398    22.25552
 .49801E+09       56300.00      32.92593    32.92593    22.25548
 .49801E+09       56500.00      32.92324    32.92324    22.25543
 .49801E+09       56700.00      32.91747    32.91747    22.25539
 .49801E+09       56900.00      32.90926    32.90926    22.25534
 .49801E+09       57100.00      32.90717    32.90717    22.25530
 .49801E+09       57300.00      32.90136    32.90136    22.25525
 .49801E+09       57500.00      32.89606    32.89606    22.25521
 .49801E+09       57700.00      32.88945    32.88945    22.25517
 .49801E+09       57900.00      32.88617    32.88617    22.25512
 .49801E+09       58100.00      32.87889    32.87889    22.25508
 .49801E+09       58300.00      32.87407    32.87407    22.25503
 .49801E+09       58500.00      32.86928    32.86928    22.25499
 .49801E+09       58700.00      32.86192    32.86192    22.25494
 .49801E+09       58900.00      32.85572    32.85572    22.25490
 .49801E+09       59100.00      32.84587    32.84587    22.25485
 .49801E+09       59300.00      32.84682    32.84682    22.25481
 .49801E+09       59500.00      32.84085    32.84085    22.25476
 .49801E+09       59700.00      32.83719    32.83719    22.25472
 .49801E+09       59900.00      32.83178    32.83178    22.25467
 .49801E+09       60100.00      32.82649    32.82649    22.25463
 .49801E+09       60300.00      32.82117    32.82117    22.25458
 .49801E+09       60500.00      32.81466    32.81466    22.25454
 .49801E+09       60700.00      32.80952    32.80952    22.25449
 .49801E+09       60900.00      32.80409    32.80409    22.25445
 .49801E+09       61100.00      32.79789    32.79789    22.25440
 .49801E+09       61300.00      32.79376    32.79376    22.25436
 .49801E+09       61500.00      32.78891    32.78891    22.25431
 .49801E+09       61700.00      32.78442    32.78442    22.25427
 .49801E+09       61900.00      32.77921    32.77921    22.25422
 .49801E+09       62100.00      32.77435    32.77435    22.25418
 .49801E+09       62300.00      32.76788    32.76788    22.25414
 .49801E+09       62500.00      32.76217    32.76217    22.25409
 .49801E+09       62700.00      32.75721    32.75721    22.25405
 .49801E+09       62900.00      32.75237    32.75237    22.25400
 .49801E+09       63100.00      32.74663    32.74663    22.25396
 .49801E+09       63300.00      32.74297    32.74297    22.25391
 .49801E+09       63500.00      32.73690    32.73690    22.25387
 .49801E+09       63700.00      32.73295    32.73295    22.25382
 .49801E+09       63900.00      32.72684    32.72684    22.25378
 .49801E+09       64200.00      32.71935    32.71935    22.25371
 .49801E+09       64600.00      32.70870    32.70870    22.25362
 .49801E+09       65000.00      32.69862    32.69862    22.25353
 .49801E+09       65400.00      32.68856    32.68856    22.25344
 .49801E+09       65800.00      32.67893    32.67893    22.25335
 .49801E+09       66200.00      32.66846    32.66846    22.25326
 .49801E+09       66600.00      32.65873    32.65873    22.25317
 .49801E+09       67000.00      32.64882    32.64882    22.25308
 .49801E+09       67400.00      32.63853    32.63853    22.25299
 .49801E+09       67800.00      32.62875    32.62875    22.25290
 .49801E+09       68200.00      32.61878    32.61878    22.25281
 .49801E+09       68600.00      32.60923    32.60923    22.25272
 .49801E+09       69000.00      32.59926    32.59926    22.25263
 .49801E+09       69400.00      32.58955    32.58955    22.25254
 .49801E+09       69800.00      32.58002    32.58002    22.25245
 .49801E+09       70200.00      32.57005    32.57005    22.25236
 .49801E+09       70600.00      32.56080    32.56080    22.25227
 .49801E+09       71000.00      32.55121    32.55121    22.25218
 .49801E+09       71400.00      32.54182    32.54182    22.25209
 .49801E+09       71800.00      32.53228    32.53228    22.25200
 .49801E+09       72200.00      32.52283    32.52283    22.25191
 .49801E+09       72600.00      32.51320    32.51320    22.25182
 .49801E+09       73000.00      32.50406    32.50406    22.25173
 .49801E+09       73400.00      32.49459    32.49459    22.25164
 .49801E+09       73800.00      32.48557    32.48557    22.25155
 .49801E+09       74200.00      32.47571    32.47571    22.25146
 .49801E+09       74600.00      32.46291    32.46291    22.25137
 .49801E+09       75000.00      32.45380    32.45380    22.25128
 .49801E+09       75400.00      32.44833    32.44833    22.25119
 .49801E+09       75800.00      32.44006    32.44006    22.25110
 .49801E+09       76200.00      32.43108    32.43108    22.25101
 .49801E+09       76600.00      32.42227    32.42227    22.25092
 .49801E+09       77000.00      32.41323    32.41323    22.25083
 .49801E+09       77400.00      32.40453    32.40453    22.25074
 .49801E+09       77800.00      32.39581    32.39581    22.25065
 .49801E+09       78200.00      32.38697    32.38697    22.25056
 .49801E+09       78600.00      32.37817    32.37817    22.25047
 .49801E+09       79000.00      32.36948    32.36948    22.25038
 .49801E+09       79400.00      32.36084    32.36084    22.25029
 .49801E+09       79800.00      32.35232    32.35232    22.25019
 .49801E+09       80200.00      32.34360    32.34360    22.25010
 .49801E+09       80600.00      32.33505    32.33505    22.25002
 .49801E+09       81000.00      32.32681    32.32681    22.24992
 .49801E+09       81400.00      32.31818    32.31818    22.24983
 .49801E+09       81800.00      32.31003    32.31003    22.24974
 .49801E+09       82200.00      32.30179    32.30179    22.24965
 .49801E+09       82600.00      32.29339    32.29339    22.24956
 .49801E+09       83000.00      32.28522    32.28522    22.24947
 .49801E+09       83400.00      32.27676    32.27676    22.24938
 .49801E+09       83800.00      32.26866    32.26866    22.24929
 .49801E+09       84200.00      32.26061    32.26061    22.24920
 .49801E+09       84600.00      32.25255    32.25255    22.24911
 .49801E+09       85000.00      32.24445    32.24445    22.24902
 .49801E+09       85400.00      32.23626    32.23626    22.24893
 .49801E+09       85800.00      32.22833    32.22833    22.24884
 .49801E+09       86200.00      32.22039    32.22039    22.24874
 .49801E+09       86600.00      32.21245    32.21245    22.24866
 .49801E+09       87000.00      32.20461    32.20461    22.24856
 .49801E+09       87400.00      32.19675    32.19675    22.24847
 .49801E+09       87800.00      32.18896    32.18896    22.24838
 .49801E+09       88200.00      32.18100    32.18100    22.24829
 .49801E+09       88600.00      32.17329    32.17329    22.24820
 .49801E+09       89000.00      32.16550    32.16550    22.24811
 .49801E+09       89400.00      32.15798    32.15798    22.24802
 .49801E+09       89800.00      32.15014    32.15014    22.24793
 .49801E+09       90200.00      32.14275    32.14275    22.24784
 .49801E+09       90600.00      32.13531    32.13531    22.24775
 .49801E+09       91000.00      32.12741    32.12741    22.24765
 .49801E+09       91400.00      32.12011    32.12011    22.24756
 .49801E+09       91800.00      32.11273    32.11273    22.24747
 .49801E+09       92200.00      32.10534    32.10534    22.24738
 .49801E+09       92600.00      32.09799    32.09799    22.24729
 .49801E+09       93000.00      32.09058    32.09058    22.24720
 .49801E+09       93400.00      32.08327    32.08327    22.24711
 .49801E+09       93800.00      32.07579    32.07579    22.24702
 .49801E+09       94200.00      32.06852    32.06852    22.24693
 .49801E+09       94600.00      32.06118    32.06118    22.24684
 .49801E+09       95000.00      32.05397    32.05397    22.24674
 .49801E+09       95400.00      32.04683    32.04683    22.24665
 .49801E+09       95800.00      32.03967    32.03967    22.24656
 .49801E+09       96200.00      32.03245    32.03245    22.24647
 .49801E+09       96600.00      32.02549    32.02549    22.24638
 .49801E+09       97000.00      32.01833    32.01833    22.24629
 .49801E+09       97400.00      32.01085    32.01085    22.24620
 .49801E+09       97800.00      32.00410    32.00410    22.24611
 .49801E+09       98200.00      31.99720    31.99720    22.24601
 .49801E+09       98600.00      31.99034    31.99034    22.24592
 .49801E+09       99000.00      31.98328    31.98328    22.24583
 .49801E+09       99400.00      31.97626    31.97626    22.24574
 .49801E+09       99800.00      31.96946    31.96946    22.24565
 .49801E+09      100200.00      31.96258    31.96258    22.24556
 .49801E+09      200000.00      30.77121    30.77121    22.22212
 .49801E+09      400000.00      29.56724    29.56724    22.17097
 .49801E+09      600000.00      28.85967    28.85967    22.11298
 .49801E+09      800000.00      28.35678    28.35678    22.04603
 .49801E+09     1000000.00      27.96621    27.96621    21.96685
 .49801E+09     1200000.00      27.64690    27.64690    21.86994
 .49801E+09     1400000.00      27.37661    27.37661    21.74500
 .49801E+09     1600000.00      27.14230    27.14230    21.56891
