;~            T_BB            T_SIL           T_CARB
     3.0000000E+00    1.5073877E+01    1.8557176E+01
     3.0975643E+00    1.5396324E+01    1.8955416E+01
     3.1983016E+00    1.5725618E+01    1.9362163E+01
     3.3023150E+00    1.6061934E+01    1.9777600E+01
     3.4097110E+00    1.6405435E+01    2.0201915E+01
     3.5205997E+00    1.6756276E+01    2.0635390E+01
     3.6350947E+00    1.7114614E+01    2.1078258E+01
     3.7533132E+00    1.7480356E+01    2.1530677E+01
     3.8753764E+00    1.7853184E+01    2.1994059E+01
     4.0014092E+00    1.8234014E+01    2.2467843E+01
     4.1315408E+00    1.8623081E+01    2.2951823E+01
     4.2659045E+00    1.9020445E+01    2.3446149E+01
     4.4046379E+00    1.9426207E+01    2.3951035E+01
     4.5478830E+00    1.9840570E+01    2.4466708E+01
     4.6957867E+00    2.0263754E+01    2.4993391E+01
     4.8485005E+00    2.0695951E+01    2.5531530E+01
     5.0061807E+00    2.1137351E+01    2.6081702E+01
     5.1689890E+00    2.1588156E+01    2.6643791E+01
     5.3370919E+00    2.2047369E+01    2.7219932E+01
     5.5106619E+00    2.2516177E+01    2.7811057E+01
     5.6898765E+00    2.2995094E+01    2.8414863E+01
     5.8749195E+00    2.3484268E+01    2.9031627E+01
     6.0659804E+00    2.3983780E+01    2.9661528E+01
     6.2632548E+00    2.4493844E+01    3.0304911E+01
     6.4669449E+00    2.5014723E+01    3.0961941E+01
     6.6772593E+00    2.5546656E+01    3.1633379E+01
     6.8944134E+00    2.6089880E+01    3.2320778E+01
     7.1186296E+00    2.6644636E+01    3.3023516E+01
     7.3501377E+00    2.7210622E+01    3.3744242E+01
     7.5891748E+00    2.7787862E+01    3.4491520E+01
     7.8359857E+00    2.8377417E+01    3.5254978E+01
     8.0908233E+00    2.8979605E+01    3.6034914E+01
     8.3539485E+00    2.9594560E+01    3.6831487E+01
     8.6256310E+00    3.0222526E+01    3.7645206E+01
     8.9061489E+00    3.0863788E+01    3.8476262E+01
     9.1957897E+00    3.1518635E+01    3.9326002E+01
     9.4948501E+00    3.2187357E+01    4.0197959E+01
     9.8036363E+00    3.2870248E+01    4.1089808E+01
     1.0122465E+01    3.3567608E+01    4.2006799E+01
     1.0451662E+01    3.4279331E+01    4.2971093E+01
     1.0791565E+01    3.5006125E+01    4.3956609E+01
     1.1142522E+01    3.5748361E+01    4.4963804E+01
     1.1504893E+01    3.6506344E+01    4.5992822E+01
     1.1879049E+01    3.7280438E+01    4.7044334E+01
     1.2265373E+01    3.8070984E+01    4.8118751E+01
     1.2664260E+01    3.8878296E+01    4.9221038E+01
     1.3076120E+01    3.9702725E+01    5.0353722E+01
     1.3501375E+01    4.0544629E+01    5.1511974E+01
     1.3940459E+01    4.1404375E+01    5.2726584E+01
     1.4393823E+01    4.2282864E+01    5.4001716E+01
     1.4861930E+01    4.3180506E+01    5.5305400E+01
     1.5345262E+01    4.4097114E+01    5.6639035E+01
     1.5844312E+01    4.5033062E+01    5.8002459E+01
     1.6359592E+01    4.5988964E+01    5.9397173E+01
     1.6891629E+01    4.6965400E+01    6.0828206E+01
     1.7440969E+01    4.7962687E+01    6.2302714E+01
     1.8008175E+01    4.8981162E+01    6.3814440E+01
     1.8593827E+01    5.0021265E+01    6.5389120E+01
     1.9198525E+01    5.1083435E+01    6.7075207E+01
     1.9822888E+01    5.2168316E+01    6.8801964E+01
     2.0467557E+01    5.3280670E+01    7.0569966E+01
     2.1133192E+01    5.4416502E+01    7.2380243E+01
     2.1820474E+01    5.5575934E+01    7.4235163E+01
     2.2530107E+01    5.6759908E+01    7.6148005E+01
     2.3262819E+01    5.7970026E+01    7.8117646E+01
     2.4019359E+01    5.9206676E+01    8.0138690E+01
     2.4800503E+01    6.0469810E+01    8.2299614E+01
     2.5607051E+01    6.1759912E+01    8.4568212E+01
     2.6439830E+01    6.3077511E+01    8.6895682E+01
     2.7299691E+01    6.4423111E+01    8.9282265E+01
     2.8187516E+01    6.5809257E+01    9.1730320E+01
     2.9104215E+01    6.7231762E+01    9.4259028E+01
     3.0050726E+01    6.8683203E+01    9.6865468E+01
     3.1028019E+01    7.0164096E+01    9.9543894E+01
     3.2037095E+01    7.1678957E+01    1.0238771E+02
     3.3078987E+01    7.3228888E+01    1.0537937E+02
     3.4154764E+01    7.4813146E+01    1.0845462E+02
     3.5265526E+01    7.6431888E+01    1.1161594E+02
     3.6412412E+01    7.8085787E+01    1.1486796E+02
     3.7596596E+01    7.9775505E+01    1.1822893E+02
     3.8819291E+01    8.1520565E+01    1.2169173E+02
     4.0081751E+01    8.3336632E+01    1.2525271E+02
     4.1385267E+01    8.5189955E+01    1.2903922E+02
     4.2731176E+01    8.7078590E+01    1.3294366E+02
     4.4120855E+01    8.9012367E+01    1.3696185E+02
     4.5555729E+01    9.0993321E+01    1.4110036E+02
     4.7037267E+01    9.3019989E+01    1.4536541E+02
     4.8566987E+01    9.5092596E+01    1.4976119E+02
     5.0146455E+01    9.7212073E+01    1.5428916E+02
     5.1777290E+01    9.9379353E+01    1.5894936E+02
     5.3461162E+01    1.0162909E+02    1.6374799E+02
     5.5199797E+01    1.0398335E+02    1.6869262E+02
     5.6994974E+01    1.0638723E+02    1.7378499E+02
     5.8848532E+01    1.0883869E+02    1.7901617E+02
     6.0762371E+01    1.1135163E+02    1.8439565E+02
     6.2738451E+01    1.1392706E+02    1.8993568E+02
     6.4778796E+01    1.1656348E+02    1.9560640E+02
     6.6885496E+01    1.1926218E+02    2.0125151E+02
     6.9060709E+01    1.2202451E+02    2.0706668E+02
     7.1306663E+01    1.2485168E+02    2.1306277E+02
     7.3625658E+01    1.2782358E+02    2.1920599E+02
     7.6020071E+01    1.3088644E+02    2.2549138E+02
     7.8492353E+01    1.3401361E+02    2.3195066E+02
     8.1045038E+01    1.3721569E+02    2.3860112E+02
     8.3680739E+01    1.4050080E+02    2.4525421E+02
     8.6402158E+01    1.4386651E+02    2.5183849E+02
     8.9212080E+01    1.4731399E+02    2.5861501E+02
     9.2113386E+01    1.5084460E+02    2.6558938E+02
     9.5109046E+01    1.5445986E+02    2.7270636E+02
     9.8202130E+01    1.5823087E+02    2.7996930E+02
     1.0139580E+02    1.6216093E+02    2.8742599E+02
     1.0469334E+02    1.6617895E+02    2.9508938E+02
     1.0809812E+02    1.7029684E+02    3.0289542E+02
     1.1161363E+02    1.7452813E+02    3.1044107E+02
     1.1524346E+02    1.7886672E+02    3.1818481E+02
     1.1899135E+02    1.8331403E+02    3.2614276E+02
     1.2286112E+02    1.8787178E+02    3.3427521E+02
     1.2685674E+02    1.9254177E+02    3.4256343E+02
     1.3098230E+02    1.9749554E+02    3.5103870E+02
     1.3524204E+02    2.0270968E+02    3.5973073E+02
     1.3964030E+02    2.0805463E+02    3.6864965E+02
     1.4418161E+02    2.1354106E+02    3.7770539E+02
     1.4887060E+02    2.1918323E+02    3.8657452E+02
     1.5371209E+02    2.2497647E+02    3.9566471E+02
     1.5871102E+02    2.3092448E+02    4.0498724E+02
     1.6387254E+02    2.3702984E+02    4.1449404E+02
     1.6920191E+02    2.4337816E+02    4.2419918E+02
     1.7470460E+02    2.5045892E+02    4.3411420E+02
     1.8038624E+02    2.5776748E+02    4.4427365E+02
     1.8625266E+02    2.6525930E+02    4.5467621E+02
     1.9230987E+02    2.7295767E+02    4.6533429E+02
     1.9856406E+02    2.8088671E+02    4.7595047E+02
     2.0502165E+02    2.8905059E+02    4.8670090E+02
     2.1168925E+02    2.9745450E+02    4.9770437E+02
     2.1857369E+02    3.0662553E+02    5.0894333E+02
     2.2568202E+02    3.1673983E+02    5.2041107E+02
     2.3302153E+02    3.2717090E+02    5.3213101E+02
     2.4059973E+02    3.3783969E+02    5.4411089E+02
     2.4842438E+02    3.4886033E+02    5.5637635E+02
     2.5650349E+02    3.6025560E+02    5.6891949E+02
     2.6484536E+02    3.7204205E+02    5.8175570E+02
     2.7345851E+02    3.8531299E+02    5.9460400E+02
     2.8235178E+02    3.9965451E+02    6.0769923E+02
     2.9153426E+02    4.1442467E+02    6.2108722E+02
     3.0101538E+02    4.2963109E+02    6.3475766E+02
     3.1080483E+02    4.4542310E+02    6.4871887E+02
     3.2091265E+02    4.6185160E+02    6.6298921E+02
     3.3134920E+02    4.7997430E+02    6.7757661E+02
     3.4212515E+02    4.9953485E+02    6.9248795E+02
     3.5325155E+02    5.1981284E+02    7.0773559E+02
     3.6473980E+02    5.4081362E+02    7.2333060E+02
     3.7660167E+02    5.6270540E+02    7.3909457E+02
     3.8884930E+02    5.8558773E+02    7.5515741E+02
     4.0149524E+02    6.1036686E+02    7.7157666E+02
     4.1455244E+02    6.3622371E+02    7.8835869E+02
     4.2803428E+02    6.6315363E+02    8.0549523E+02
     4.4195458E+02    6.9125599E+02    8.2301902E+02
     4.5632758E+02    7.2047938E+02    8.4092711E+02
     4.7116801E+02    7.5022700E+02    8.5922977E+02
     4.8649107E+02    7.8104370E+02    8.7795014E+02
     5.0231246E+02    8.1323658E+02    8.9710811E+02
     5.1864839E+02    8.4690252E+02    9.1665918E+02
     5.3551558E+02    8.8197334E+02    9.3662360E+02
     5.5293132E+02    9.1720177E+02    9.5704391E+02
     5.7091345E+02    9.5157692E+02    9.7790052E+02
     5.8948037E+02    9.8729741E+02    9.9922386E+02
     6.0865113E+02    1.0246434E+03    1.0210185E+03
     6.2844534E+02    1.0635823E+03    1.0433074E+03
     6.4888329E+02    1.1039577E+03    1.0661001E+03
     6.6998591E+02    1.1173092E+03    1.0894514E+03
     6.9177482E+02    1.1354302E+03    1.1133834E+03
     7.1427233E+02    1.1658088E+03    1.1379254E+03
     7.3750150E+02    1.1959076E+03    1.1631761E+03
     7.6148611E+02    1.2279103E+03    1.1889672E+03
     7.8625074E+02    1.2579433E+03    1.2153322E+03
     8.1182074E+02    1.2872933E+03    1.2422606E+03
     8.3822232E+02    1.3154904E+03    1.2698295E+03
     8.6548252E+02    1.3407632E+03    1.2980787E+03
     8.9362926E+02    1.3623475E+03    1.3269902E+03
     9.2269138E+02    1.3727125E+03    1.3566144E+03
     9.5269863E+02    1.3762705E+03    1.3868983E+03
     9.8368176E+02    1.3902917E+03    1.3812251E+03
     1.0156725E+03    1.3725782E+03    1.3772568E+03
     1.0487036E+03    1.3823819E+03    1.3864789E+03
     1.0828090E+03    1.3924084E+03    1.3977597E+03
     1.1180235E+03    1.3763091E+03    1.4131059E+03
     1.1543833E+03    1.3888205E+03    1.4388421E+03
     1.1919255E+03    1.3776601E+03    1.4548403E+03
     1.2306886E+03    1.2195552E+03    1.4832255E+03
     1.2707124E+03    1.2581072E+03    1.4996196E+03
     1.3120378E+03    1.2977183E+03    1.5287392E+03
     1.3547071E+03    1.3369787E+03    1.5681218E+03
     1.3987642E+03    1.3761703E+03    1.5881932E+03
     1.4442540E+03             -NaN    1.6227253E+03
     1.4912232E+03             -NaN    1.6475020E+03
     1.5397199E+03             -NaN    1.6684159E+03
     1.5897938E+03             -NaN    1.7091069E+03
     1.6414962E+03             -NaN    1.7287362E+03
     1.6948801E+03             -NaN    1.7482286E+03
     1.7500000E+03             -NaN             -NaN
